0.000000 0.000000 0.000000 0.000000 0.000000
0.010000 1.000000 0.010000 0.000100 0.000001
0.020000 1.000000 0.020000 0.000300 0.000004
0.030000 1.000000 0.030000 0.000600 0.000010
0.040000 1.000000 0.040000 0.001000 0.000020
0.050000 1.000000 0.050000 0.001500 0.000035
0.060000 1.000000 0.060000 0.002100 0.000056
0.070000 1.000000 0.070000 0.002800 0.000084
0.080000 1.000000 0.080000 0.003600 0.000120
0.090000 1.000000 0.090000 0.004500 0.000165
0.100000 1.000000 0.100000 0.005500 0.000220
0.110000 1.000000 0.110000 0.006600 0.000286
0.120000 1.000000 0.120000 0.007800 0.000364
0.130000 1.000000 0.130000 0.009100 0.000455
0.140000 1.000000 0.140000 0.010500 0.000560
0.150000 1.000000 0.150000 0.012000 0.000680
0.160000 1.000000 0.160000 0.013600 0.000816
0.170000 1.000000 0.170000 0.015300 0.000969
0.180000 1.000000 0.180000 0.017100 0.001140
0.190000 1.000000 0.190000 0.019000 0.001330
0.200000 1.000000 0.200000 0.021000 0.001540
0.210000 1.000000 0.210000 0.023100 0.001771
0.220000 1.000000 0.220000 0.025300 0.002024
0.230000 1.000000 0.230000 0.027600 0.002300
0.240000 1.000000 0.240000 0.030000 0.002600
0.250000 1.000000 0.250000 0.032500 0.002925
0.260000 1.000000 0.260000 0.035100 0.003276
0.270000 1.000000 0.270000 0.037800 0.003654
0.280000 1.000000 0.280000 0.040600 0.004060
0.290000 1.000000 0.290000 0.043500 0.004495
0.300000 1.000000 0.300000 0.046500 0.004960
0.310000 1.000000 0.310000 0.049600 0.005456
0.320000 1.000000 0.320000 0.052800 0.005984
0.330000 1.000000 0.330000 0.056100 0.006545
0.340000 1.000000 0.340000 0.059500 0.007140
0.350000 1.000000 0.350000 0.063000 0.007770
0.360000 1.000000 0.360000 0.066600 0.008436
0.370000 1.000000 0.370000 0.070300 0.009139
0.380000 1.000000 0.380000 0.074100 0.009880
0.390000 1.000000 0.390000 0.078000 0.010660
0.400000 1.000000 0.400000 0.082000 0.011480
0.410000 1.000000 0.410000 0.086100 0.012341
0.420000 1.000000 0.420000 0.090300 0.013244
0.430000 1.000000 0.430000 0.094600 0.014190
0.440000 1.000000 0.440000 0.099000 0.015180
0.450000 1.000000 0.450000 0.103500 0.016215
0.460000 1.000000 0.460000 0.108100 0.017296
0.470000 1.000000 0.470000 0.112800 0.018424
0.480000 1.000000 0.480000 0.117600 0.019600
0.490000 1.000000 0.490000 0.122500 0.020825
0.500000 1.000000 0.500000 0.127500 0.022100
0.510000 1.000000 0.510000 0.132600 0.023426
0.520000 1.000000 0.520000 0.137800 0.024804
0.530000 1.000000 0.530000 0.143100 0.026235
0.540000 1.000000 0.540000 0.148500 0.027720
0.550000 1.000000 0.550000 0.154000 0.029260
0.560000 1.000000 0.560000 0.159600 0.030856
0.570000 1.000000 0.570000 0.165300 0.032509
0.580000 1.000000 0.580000 0.171100 0.034220
0.590000 1.000000 0.590000 0.177000 0.035990
0.600000 1.000000 0.600000 0.183000 0.037820
0.610000 1.000000 0.610000 0.189100 0.039711
0.620000 1.000000 0.620000 0.195300 0.041664
0.630000 1.000000 0.630000 0.201600 0.043680
0.640000 1.000000 0.640000 0.208000 0.045760
0.650000 1.000000 0.650000 0.214500 0.047905
0.660000 1.000000 0.660000 0.221100 0.050116
0.670000 1.000000 0.670000 0.227800 0.052394
0.680000 1.000000 0.680000 0.234600 0.054740
0.690000 1.000000 0.690000 0.241500 0.057155
0.700000 1.000000 0.700000 0.248500 0.059640
0.710000 1.000000 0.710000 0.255600 0.062196
0.720000 1.000000 0.720000 0.262800 0.064824
0.730000 1.000000 0.730000 0.270100 0.067525
0.740000 1.000000 0.740000 0.277500 0.070300
0.750000 1.000000 0.750000 0.285000 0.073150
0.760000 1.000000 0.760000 0.292600 0.076076
0.770000 1.000000 0.770000 0.300300 0.079079
0.780000 1.000000 0.780000 0.308100 0.082160
0.790000 1.000000 0.790000 0.316000 0.085320
0.800000 1.000000 0.800000 0.324000 0.088560
0.810000 1.000000 0.810000 0.332100 0.091881
0.820000 1.000000 0.820000 0.340300 0.095284
0.830000 1.000000 0.830000 0.348600 0.098770
0.840000 1.000000 0.840000 0.357000 0.102340
0.850000 1.000000 0.850000 0.365500 0.105995
0.860000 1.000000 0.860000 0.374100 0.109736
0.870000 1.000000 0.870000 0.382800 0.113564
0.880000 1.000000 0.880000 0.391600 0.117480
0.890000 1.000000 0.890000 0.400500 0.121485
0.900000 1.000000 0.900000 0.409500 0.125580
0.910000 1.000000 0.910000 0.418600 0.129766
0.920000 1.000000 0.920000 0.427800 0.134044
0.930000 1.000000 0.930000 0.437100 0.138415
0.940000 1.000000 0.940000 0.446500 0.142880
0.950000 1.000000 0.950000 0.456000 0.147440
0.960000 1.000000 0.960000 0.465600 0.152096
0.970000 1.000000 0.970000 0.475300 0.156849
0.980000 1.000000 0.980000 0.485100 0.161700
0.990000 1.000000 0.990000 0.495000 0.166650
1.000000 1.000000 1.000000 0.505000 0.171700
1.010000 0.000000 1.000000 0.515000 0.176850
1.020000 0.000000 1.000000 0.525000 0.182100
1.030000 0.000000 1.000000 0.535000 0.187450
1.040000 0.000000 1.000000 0.545000 0.192900
1.050000 0.000000 1.000000 0.555000 0.198450
1.060000 0.000000 1.000000 0.565000 0.204100
1.070000 0.000000 1.000000 0.575000 0.209850
1.080000 0.000000 1.000000 0.585000 0.215700
1.090000 0.000000 1.000000 0.595000 0.221650
1.100000 0.000000 1.000000 0.605000 0.227700
1.110000 0.000000 1.000000 0.615000 0.233850
1.120000 0.000000 1.000000 0.625000 0.240100
1.130000 0.000000 1.000000 0.635000 0.246450
1.140000 0.000000 1.000000 0.645000 0.252900
1.150000 0.000000 1.000000 0.655000 0.259450
1.160000 0.000000 1.000000 0.665000 0.266100
1.170000 0.000000 1.000000 0.675000 0.272850
1.180000 0.000000 1.000000 0.685000 0.279700
1.190000 0.000000 1.000000 0.695000 0.286650
1.200000 0.000000 1.000000 0.705000 0.293700
1.210000 0.000000 1.000000 0.715000 0.300850
1.220000 0.000000 1.000000 0.725000 0.308100
1.230000 0.000000 1.000000 0.735000 0.315450
1.240000 0.000000 1.000000 0.745000 0.322900
1.250000 0.000000 1.000000 0.755000 0.330450
1.260000 0.000000 1.000000 0.765000 0.338100
1.270000 0.000000 1.000000 0.775000 0.345850
1.280000 0.000000 1.000000 0.785000 0.353700
1.290000 0.000000 1.000000 0.795000 0.361650
1.300000 0.000000 1.000000 0.805000 0.369700
1.310000 0.000000 1.000000 0.815000 0.377850
1.320000 0.000000 1.000000 0.825000 0.386100
1.330000 0.000000 1.000000 0.835000 0.394450
1.340000 0.000000 1.000000 0.845000 0.402900
1.350000 0.000000 1.000000 0.855000 0.411450
1.360000 0.000000 1.000000 0.865000 0.420100
1.370000 0.000000 1.000000 0.875000 0.428850
1.380000 0.000000 1.000000 0.885000 0.437700
1.390000 0.000000 1.000000 0.895000 0.446650
1.400000 0.000000 1.000000 0.905000 0.455700
1.410000 0.000000 1.000000 0.915000 0.464850
1.420000 0.000000 1.000000 0.925000 0.474100
1.430000 0.000000 1.000000 0.935000 0.483450
1.440000 0.000000 1.000000 0.945000 0.492900
1.450000 0.000000 1.000000 0.955000 0.502450
1.460000 0.000000 1.000000 0.965000 0.512100
1.470000 0.000000 1.000000 0.975000 0.521850
1.480000 0.000000 1.000000 0.985000 0.531700
1.490000 0.000000 1.000000 0.995000 0.541650
1.500000 0.000000 1.000000 1.005000 0.551700
1.510000 0.000000 1.000000 1.015000 0.561850
1.520000 0.000000 1.000000 1.025000 0.572100
1.530000 0.000000 1.000000 1.035000 0.582450
1.540000 0.000000 1.000000 1.045000 0.592900
1.550000 0.000000 1.000000 1.055000 0.603450
1.560000 0.000000 1.000000 1.065000 0.614100
1.570000 0.000000 1.000000 1.075000 0.624850
1.580000 0.000000 1.000000 1.085000 0.635700
1.590000 0.000000 1.000000 1.095000 0.646650
1.600000 0.000000 1.000000 1.105000 0.657700
1.610000 0.000000 1.000000 1.115000 0.668850
1.620000 0.000000 1.000000 1.125000 0.680100
1.630000 0.000000 1.000000 1.135000 0.691450
1.640000 0.000000 1.000000 1.145000 0.702900
1.650000 0.000000 1.000000 1.155000 0.714450
1.660000 0.000000 1.000000 1.165000 0.726100
1.670000 0.000000 1.000000 1.175000 0.737850
1.680000 0.000000 1.000000 1.185000 0.749700
1.690000 0.000000 1.000000 1.195000 0.761650
1.700000 0.000000 1.000000 1.205000 0.773700
1.710000 0.000000 1.000000 1.215000 0.785850
1.720000 0.000000 1.000000 1.225000 0.798100
1.730000 0.000000 1.000000 1.235000 0.810450
1.740000 0.000000 1.000000 1.245000 0.822900
1.750000 0.000000 1.000000 1.255000 0.835450
1.760000 0.000000 1.000000 1.265000 0.848100
1.770000 0.000000 1.000000 1.275000 0.860850
1.780000 0.000000 1.000000 1.285000 0.873700
1.790000 0.000000 1.000000 1.295000 0.886650
1.800000 0.000000 1.000000 1.305000 0.899700
1.810000 0.000000 1.000000 1.315000 0.912850
1.820000 0.000000 1.000000 1.325000 0.926100
1.830000 0.000000 1.000000 1.335000 0.939450
1.840000 0.000000 1.000000 1.345000 0.952900
1.850000 0.000000 1.000000 1.355000 0.966450
1.860000 0.000000 1.000000 1.365000 0.980100
1.870000 0.000000 1.000000 1.375000 0.993850
1.880000 0.000000 1.000000 1.385000 1.007700
1.890000 0.000000 1.000000 1.395000 1.021650
1.900000 0.000000 1.000000 1.405000 1.035700
1.910000 0.000000 1.000000 1.415000 1.049850
1.920000 0.000000 1.000000 1.425000 1.064100
1.930000 0.000000 1.000000 1.435000 1.078450
1.940000 0.000000 1.000000 1.445000 1.092900
1.950000 0.000000 1.000000 1.455000 1.107450
1.960000 0.000000 1.000000 1.465000 1.122100
1.970000 0.000000 1.000000 1.475000 1.136850
1.980000 0.000000 1.000000 1.485000 1.151700
1.990000 0.000000 1.000000 1.495000 1.166650
2.000000 0.000000 1.000000 1.505000 1.181700
2.010000 -1.000000 0.990000 1.514900 1.196849
2.020000 -1.000000 0.980000 1.524700 1.212096
2.030000 -1.000000 0.970000 1.534400 1.227440
2.040000 -1.000000 0.960000 1.544000 1.242880
2.050000 -1.000000 0.950000 1.553500 1.258415
2.060000 -1.000000 0.940000 1.562900 1.274044
2.070000 -1.000000 0.930000 1.572200 1.289766
2.080000 -1.000000 0.920000 1.581400 1.305580
2.090000 -1.000000 0.910000 1.590500 1.321485
2.100000 -1.000000 0.900000 1.599500 1.337480
2.110000 -1.000000 0.890000 1.608400 1.353564
2.120000 -1.000000 0.880000 1.617200 1.369736
2.130000 -1.000000 0.870000 1.625900 1.385995
2.140000 -1.000000 0.860000 1.634500 1.402340
2.150000 -1.000000 0.850000 1.643000 1.418770
2.160000 -1.000000 0.840000 1.651400 1.435284
2.170000 -1.000000 0.830000 1.659700 1.451881
2.180000 -1.000000 0.820000 1.667900 1.468560
2.190000 -1.000000 0.810000 1.676000 1.485320
2.200000 -1.000000 0.800000 1.684000 1.502160
2.210000 -1.000000 0.790000 1.691900 1.519079
2.220000 -1.000000 0.780000 1.699700 1.536076
2.230000 -1.000000 0.770000 1.707400 1.553150
2.240000 -1.000000 0.760000 1.715000 1.570300
2.250000 -1.000000 0.750000 1.722500 1.587525
2.260000 -1.000000 0.740000 1.729900 1.604824
2.270000 -1.000000 0.730000 1.737200 1.622196
2.280000 -1.000000 0.720000 1.744400 1.639640
2.290000 -1.000000 0.710000 1.751500 1.657155
2.300000 -1.000000 0.700000 1.758500 1.674740
2.310000 -1.000000 0.690000 1.765400 1.692394
2.320000 -1.000000 0.680000 1.772200 1.710116
2.330000 -1.000000 0.670000 1.778900 1.727905
2.340000 -1.000000 0.660000 1.785500 1.745760
2.350000 -1.000000 0.650000 1.792000 1.763680
2.360000 -1.000000 0.640000 1.798400 1.781664
2.370000 -1.000000 0.630000 1.804700 1.799711
2.380000 -1.000000 0.620000 1.810900 1.817820
2.390000 -1.000000 0.610000 1.817000 1.835990
2.400000 -1.000000 0.600000 1.823000 1.854220
2.410000 -1.000000 0.590000 1.828900 1.872509
2.420000 -1.000000 0.580000 1.834700 1.890856
2.430000 -1.000000 0.570000 1.840400 1.909260
2.440000 -1.000000 0.560000 1.846000 1.927720
2.450000 -1.000000 0.550000 1.851500 1.946235
2.460000 -1.000000 0.540000 1.856900 1.964804
2.470000 -1.000000 0.530000 1.862200 1.983426
2.480000 -1.000000 0.520000 1.867400 2.002100
2.490000 -1.000000 0.510000 1.872500 2.020825
2.500000 -1.000000 0.500000 1.877500 2.039600
2.510000 -1.000000 0.490000 1.882400 2.058424
2.520000 -1.000000 0.480000 1.887200 2.077296
2.530000 -1.000000 0.470000 1.891900 2.096215
2.540000 -1.000000 0.460000 1.896500 2.115180
2.550000 -1.000000 0.450000 1.901000 2.134190
2.560000 -1.000000 0.440000 1.905400 2.153244
2.570000 -1.000000 0.430000 1.909700 2.172341
2.580000 -1.000000 0.420000 1.913900 2.191480
2.590000 -1.000000 0.410000 1.918000 2.210660
2.600000 -1.000000 0.400000 1.922000 2.229880
2.610000 -1.000000 0.390000 1.925900 2.249139
2.620000 -1.000000 0.380000 1.929700 2.268436
2.630000 -1.000000 0.370000 1.933400 2.287770
2.640000 -1.000000 0.360000 1.937000 2.307140
2.650000 -1.000000 0.350000 1.940500 2.326545
2.660000 -1.000000 0.340000 1.943900 2.345984
2.670000 -1.000000 0.330000 1.947200 2.365456
2.680000 -1.000000 0.320000 1.950400 2.384960
2.690000 -1.000000 0.310000 1.953500 2.404495
2.700000 -1.000000 0.300000 1.956500 2.424060
2.710000 -1.000000 0.290000 1.959400 2.443654
2.720000 -1.000000 0.280000 1.962200 2.463276
2.730000 -1.000000 0.270000 1.964900 2.482925
2.740000 -1.000000 0.260000 1.967500 2.502600
2.750000 -1.000000 0.250000 1.970000 2.522300
2.760000 -1.000000 0.240000 1.972400 2.542024
2.770000 -1.000000 0.230000 1.974700 2.561771
2.780000 -1.000000 0.220000 1.976900 2.581540
2.790000 -1.000000 0.210000 1.979000 2.601330
2.800000 -1.000000 0.200000 1.981000 2.621140
2.810000 -1.000000 0.190000 1.982900 2.640969
2.820000 -1.000000 0.180000 1.984700 2.660816
2.830000 -1.000000 0.170000 1.986400 2.680680
2.840000 -1.000000 0.160000 1.988000 2.700560
2.850000 -1.000000 0.150000 1.989500 2.720455
2.860000 -1.000000 0.140000 1.990900 2.740364
2.870000 -1.000000 0.130000 1.992200 2.760286
2.880000 -1.000000 0.120000 1.993400 2.780220
2.890000 -1.000000 0.110000 1.994500 2.800165
2.900000 -1.000000 0.100000 1.995500 2.820120
2.910000 -1.000000 0.090000 1.996400 2.840084
2.920000 -1.000000 0.080000 1.997200 2.860056
2.930000 -1.000000 0.070000 1.997900 2.880035
2.940000 -1.000000 0.060000 1.998500 2.900020
2.950000 -1.000000 0.050000 1.999000 2.920010
2.960000 -1.000000 0.040000 1.999400 2.940004
2.970000 -1.000000 0.030000 1.999700 2.960001
2.980000 -1.000000 0.020000 1.999900 2.980000
2.990000 -1.000000 0.010000 2.000000 3.000000
3.000000 -1.000000 -0.000000 2.000000 3.020000
3.010000 -1.000000 -0.010000 1.999900 3.039999
3.020000 0.000000 -0.010000 1.999900 3.059998
3.030000 0.000000 -0.010000 1.999900 3.079997
3.040000 0.000000 -0.010000 1.999900 3.099996
3.050000 0.000000 -0.010000 1.999900 3.119995
3.060000 0.000000 -0.010000 1.999900 3.139994
3.070000 0.000000 -0.010000 1.999900 3.159993
3.080000 0.000000 -0.010000 1.999900 3.179992
3.090000 0.000000 -0.010000 1.999900 3.199991
3.100000 0.000000 -0.010000 1.999900 3.219990
3.110000 0.000000 -0.010000 1.999900 3.239989
3.120000 0.000000 -0.010000 1.999900 3.259988
3.130000 0.000000 -0.010000 1.999900 3.279987
3.140000 0.000000 -0.010000 1.999900 3.299986
3.150000 0.000000 -0.010000 1.999900 3.319985
3.160000 0.000000 -0.010000 1.999900 3.339984
3.170000 0.000000 -0.010000 1.999900 3.359983
3.180000 0.000000 -0.010000 1.999900 3.379982
3.190000 0.000000 -0.010000 1.999900 3.399981
3.200000 0.000000 -0.010000 1.999900 3.419980
3.210000 0.000000 -0.010000 1.999900 3.439979
3.220000 0.000000 -0.010000 1.999900 3.459978
3.230000 0.000000 -0.010000 1.999900 3.479977
3.240000 0.000000 -0.010000 1.999900 3.499976
3.250000 0.000000 -0.010000 1.999900 3.519975
3.260000 0.000000 -0.010000 1.999900 3.539974
3.270000 0.000000 -0.010000 1.999900 3.559973
3.280000 0.000000 -0.010000 1.999900 3.579972
3.290000 0.000000 -0.010000 1.999900 3.599971
3.300000 0.000000 -0.010000 1.999900 3.619970
3.310000 0.000000 -0.010000 1.999900 3.639969
3.320000 0.000000 -0.010000 1.999900 3.659968
3.330000 0.000000 -0.010000 1.999900 3.679967
3.340000 0.000000 -0.010000 1.999900 3.699966
3.350000 0.000000 -0.010000 1.999900 3.719965
3.360000 0.000000 -0.010000 1.999900 3.739964
3.370000 0.000000 -0.010000 1.999900 3.759963
3.380000 0.000000 -0.010000 1.999900 3.779962
3.390000 0.000000 -0.010000 1.999900 3.799961
3.400000 0.000000 -0.010000 1.999900 3.819960
3.410000 0.000000 -0.010000 1.999900 3.839959
3.420000 0.000000 -0.010000 1.999900 3.859958
3.430000 0.000000 -0.010000 1.999900 3.879957
3.440000 0.000000 -0.010000 1.999900 3.899956
3.450000 0.000000 -0.010000 1.999900 3.919955
3.460000 0.000000 -0.010000 1.999900 3.939954
3.470000 0.000000 -0.010000 1.999900 3.959953
3.480000 0.000000 -0.010000 1.999900 3.979952
3.490000 0.000000 -0.010000 1.999900 3.999951
3.500000 0.000000 -0.010000 1.999900 4.019950
3.510000 0.000000 -0.010000 1.999900 4.039949
3.520000 0.000000 -0.010000 1.999900 4.059948
3.530000 0.000000 -0.010000 1.999900 4.079947
3.540000 0.000000 -0.010000 1.999900 4.099946
3.550000 0.000000 -0.010000 1.999900 4.119945
3.560000 0.000000 -0.010000 1.999900 4.139944
3.570000 0.000000 -0.010000 1.999900 4.159943
3.580000 0.000000 -0.010000 1.999900 4.179942
3.590000 0.000000 -0.010000 1.999900 4.199941
3.600000 0.000000 -0.010000 1.999900 4.219940
3.610000 0.000000 -0.010000 1.999900 4.239939
3.620000 0.000000 -0.010000 1.999900 4.259938
3.630000 0.000000 -0.010000 1.999900 4.279937
3.640000 0.000000 -0.010000 1.999900 4.299936
3.650000 0.000000 -0.010000 1.999900 4.319935
3.660000 0.000000 -0.010000 1.999900 4.339934
3.670000 0.000000 -0.010000 1.999900 4.359933
3.680000 0.000000 -0.010000 1.999900 4.379932
3.690000 0.000000 -0.010000 1.999900 4.399931
3.700000 0.000000 -0.010000 1.999900 4.419930
3.710000 0.000000 -0.010000 1.999900 4.439929
3.720000 0.000000 -0.010000 1.999900 4.459928
3.730000 0.000000 -0.010000 1.999900 4.479927
3.740000 0.000000 -0.010000 1.999900 4.499926
3.750000 0.000000 -0.010000 1.999900 4.519925
3.760000 0.000000 -0.010000 1.999900 4.539924
3.770000 -1.000000 -0.020000 1.999700 4.559921
3.780000 -1.000000 -0.030000 1.999400 4.579915
3.790000 -1.000000 -0.040000 1.999000 4.599905
3.800000 -1.000000 -0.050000 1.998500 4.619890
3.810000 -1.000000 -0.060000 1.997900 4.639869
3.820000 -1.000000 -0.070000 1.997200 4.659841
3.830000 -1.000000 -0.080000 1.996400 4.679805
3.840000 -1.000000 -0.090000 1.995500 4.699760
3.850000 -1.000000 -0.100000 1.994500 4.719705
3.860000 -1.000000 -0.110000 1.993400 4.739639
3.870000 -1.000000 -0.120000 1.992200 4.759561
3.880000 -1.000000 -0.130000 1.990900 4.779470
3.890000 -1.000000 -0.140000 1.989500 4.799365
3.900000 -1.000000 -0.150000 1.988000 4.819245
3.910000 -1.000000 -0.160000 1.986400 4.839109
3.920000 -1.000000 -0.170000 1.984700 4.858956
3.930000 -1.000000 -0.180000 1.982900 4.878785
3.940000 -1.000000 -0.190000 1.981000 4.898595
3.950000 -1.000000 -0.200000 1.979000 4.918385
3.960000 -1.000000 -0.210000 1.976900 4.938154
3.970000 -1.000000 -0.220000 1.974700 4.957901
3.980000 -1.000000 -0.230000 1.972400 4.977625
3.990000 -1.000000 -0.240000 1.970000 4.997325
4.000000 -1.000000 -0.250000 1.967500 5.017000
4.010000 -1.000000 -0.260000 1.964900 5.036649
4.020000 -1.000000 -0.270000 1.962200 5.056271
4.030000 -1.000000 -0.280000 1.959400 5.075865
4.040000 -1.000000 -0.290000 1.956500 5.095430
4.050000 -1.000000 -0.300000 1.953500 5.114965
4.060000 -1.000000 -0.310000 1.950400 5.134469
4.070000 -1.000000 -0.320000 1.947200 5.153941
4.080000 -1.000000 -0.330000 1.943900 5.173380
4.090000 -1.000000 -0.340000 1.940500 5.192785
4.100000 -1.000000 -0.350000 1.937000 5.212155
4.110000 -1.000000 -0.360000 1.933400 5.231489
4.120000 -1.000000 -0.370000 1.929700 5.250786
4.130000 -1.000000 -0.380000 1.925900 5.270045
4.140000 -1.000000 -0.390000 1.922000 5.289265
4.150000 -1.000000 -0.400000 1.918000 5.308445
4.160000 -1.000000 -0.410000 1.913900 5.327584
4.170000 -1.000000 -0.420000 1.909700 5.346681
4.180000 -1.000000 -0.430000 1.905400 5.365735
4.190000 -1.000000 -0.440000 1.901000 5.384745
4.200000 -1.000000 -0.450000 1.896500 5.403710
4.210000 -1.000000 -0.460000 1.891900 5.422629
4.220000 -1.000000 -0.470000 1.887200 5.441501
4.230000 -1.000000 -0.480000 1.882400 5.460325
4.240000 -1.000000 -0.490000 1.877500 5.479100
4.250000 -1.000000 -0.500000 1.872500 5.497825
4.260000 -1.000000 -0.510000 1.867400 5.516499
4.270000 -1.000000 -0.520000 1.862200 5.535121
4.280000 -1.000000 -0.530000 1.856900 5.553690
4.290000 -1.000000 -0.540000 1.851500 5.572205
4.300000 -1.000000 -0.550000 1.846000 5.590665
4.310000 -1.000000 -0.560000 1.840400 5.609069
4.320000 -1.000000 -0.570000 1.834700 5.627416
4.330000 -1.000000 -0.580000 1.828900 5.645705
4.340000 -1.000000 -0.590000 1.823000 5.663935
4.350000 -1.000000 -0.600000 1.817000 5.682105
4.360000 -1.000000 -0.610000 1.810900 5.700214
4.370000 -1.000000 -0.620000 1.804700 5.718261
4.380000 -1.000000 -0.630000 1.798400 5.736245
4.390000 -1.000000 -0.640000 1.792000 5.754165
4.400000 -1.000000 -0.650000 1.785500 5.772020
4.410000 -1.000000 -0.660000 1.778900 5.789809
4.420000 -1.000000 -0.670000 1.772200 5.807531
4.430000 -1.000000 -0.680000 1.765400 5.825185
4.440000 -1.000000 -0.690000 1.758500 5.842770
4.450000 -1.000000 -0.700000 1.751500 5.860285
4.460000 -1.000000 -0.710000 1.744400 5.877729
4.470000 -1.000000 -0.720000 1.737200 5.895101
4.480000 -1.000000 -0.730000 1.729900 5.912400
4.490000 -1.000000 -0.740000 1.722500 5.929625
4.500000 -1.000000 -0.750000 1.715000 5.946775
4.510000 -1.000000 -0.760000 1.707400 5.963849
4.520000 -1.000000 -0.770000 1.699700 5.980846
4.530000 -1.000000 -0.780000 1.691900 5.997765
4.540000 -1.000000 -0.790000 1.684000 6.014605
4.550000 -1.000000 -0.800000 1.676000 6.031365
4.560000 -1.000000 -0.810000 1.667900 6.048044
4.570000 -1.000000 -0.820000 1.659700 6.064641
4.580000 -1.000000 -0.830000 1.651400 6.081155
4.590000 -1.000000 -0.840000 1.643000 6.097585
4.600000 -1.000000 -0.850000 1.634500 6.113930
4.610000 -1.000000 -0.860000 1.625900 6.130189
4.620000 -1.000000 -0.870000 1.617200 6.146361
4.630000 -1.000000 -0.880000 1.608400 6.162445
4.640000 -1.000000 -0.890000 1.599500 6.178440
4.650000 -1.000000 -0.900000 1.590500 6.194345
4.660000 -1.000000 -0.910000 1.581400 6.210159
4.670000 -1.000000 -0.920000 1.572200 6.225881
4.680000 -1.000000 -0.930000 1.562900 6.241510
4.690000 -1.000000 -0.940000 1.553500 6.257045
4.700000 -1.000000 -0.950000 1.544000 6.272485
4.710000 -1.000000 -0.960000 1.534400 6.287829
4.720000 -1.000000 -0.970000 1.524700 6.303076
4.730000 -1.000000 -0.980000 1.514900 6.318225
4.740000 -1.000000 -0.990000 1.505000 6.333275
4.750000 -1.000000 -1.000000 1.495000 6.348225
4.760000 -1.000000 -1.010000 1.484900 6.363074
4.770000 0.000000 -1.010000 1.474800 6.377822
4.780000 0.000000 -1.010000 1.464700 6.392469
4.790000 0.000000 -1.010000 1.454600 6.407015
4.800000 0.000000 -1.010000 1.444500 6.421460
4.810000 0.000000 -1.010000 1.434400 6.435804
4.820000 0.000000 -1.010000 1.424300 6.450047
4.830000 0.000000 -1.010000 1.414200 6.464189
4.840000 0.000000 -1.010000 1.404100 6.478230
4.850000 0.000000 -1.010000 1.394000 6.492170
4.860000 0.000000 -1.010000 1.383900 6.506009
4.870000 0.000000 -1.010000 1.373800 6.519747
4.880000 0.000000 -1.010000 1.363700 6.533384
4.890000 0.000000 -1.010000 1.353600 6.546920
4.900000 0.000000 -1.010000 1.343500 6.560355
4.910000 0.000000 -1.010000 1.333400 6.573689
4.920000 0.000000 -1.010000 1.323300 6.586922
4.930000 0.000000 -1.010000 1.313200 6.600054
4.940000 0.000000 -1.010000 1.303100 6.613085
4.950000 0.000000 -1.010000 1.293000 6.626015
4.960000 0.000000 -1.010000 1.282900 6.638844
4.970000 0.000000 -1.010000 1.272800 6.651572
4.980000 0.000000 -1.010000 1.262700 6.664199
4.990000 0.000000 -1.010000 1.252600 6.676725
5.000000 0.000000 -1.010000 1.242500 6.689150
5.010000 0.000000 -1.010000 1.232400 6.701474
5.020000 0.000000 -1.010000 1.222300 6.713697
5.030000 0.000000 -1.010000 1.212200 6.725819
5.040000 0.000000 -1.010000 1.202100 6.737840
5.050000 0.000000 -1.010000 1.192000 6.749760
5.060000 0.000000 -1.010000 1.181900 6.761579
5.070000 0.000000 -1.010000 1.171800 6.773297
5.080000 0.000000 -1.010000 1.161700 6.784914
5.090000 0.000000 -1.010000 1.151600 6.796430
5.100000 0.000000 -1.010000 1.141500 6.807845
5.110000 0.000000 -1.010000 1.131400 6.819159
5.120000 0.000000 -1.010000 1.121300 6.830372
5.130000 0.000000 -1.010000 1.111200 6.841484
5.140000 0.000000 -1.010000 1.101100 6.852495
5.150000 0.000000 -1.010000 1.091000 6.863405
5.160000 0.000000 -1.010000 1.080900 6.874214
5.170000 0.000000 -1.010000 1.070800 6.884922
5.180000 0.000000 -1.010000 1.060700 6.895529
5.190000 0.000000 -1.010000 1.050600 6.906035
5.200000 0.000000 -1.010000 1.040500 6.916440
5.210000 0.000000 -1.010000 1.030400 6.926744
5.220000 0.000000 -1.010000 1.020300 6.936947
5.230000 0.000000 -1.010000 1.010200 6.947049
5.240000 0.000000 -1.010000 1.000100 6.957050
5.250000 0.000000 -1.010000 0.990000 6.966950
5.260000 0.000000 -1.010000 0.979900 6.976749
5.270000 0.000000 -1.010000 0.969800 6.986447
5.280000 0.000000 -1.010000 0.959700 6.996044
5.290000 0.000000 -1.010000 0.949600 7.005540
5.300000 0.000000 -1.010000 0.939500 7.014935
5.310000 0.000000 -1.010000 0.929400 7.024229
5.320000 0.000000 -1.010000 0.919300 7.033422
5.330000 0.000000 -1.010000 0.909200 7.042514
5.340000 0.000000 -1.010000 0.899100 7.051505
5.350000 0.000000 -1.010000 0.889000 7.060395
5.360000 0.000000 -1.010000 0.878900 7.069184
5.370000 0.000000 -1.010000 0.868800 7.077872
5.380000 0.000000 -1.010000 0.858700 7.086459
5.390000 0.000000 -1.010000 0.848600 7.094945
5.400000 0.000000 -1.010000 0.838500 7.103330
5.410000 0.000000 -1.010000 0.828400 7.111614
5.420000 0.000000 -1.010000 0.818300 7.119797
5.430000 0.000000 -1.010000 0.808200 7.127879
5.440000 0.000000 -1.010000 0.798100 7.135860
5.450000 0.000000 -1.010000 0.788000 7.143740
5.460000 0.000000 -1.010000 0.777900 7.151519
5.470000 0.000000 -1.010000 0.767800 7.159197
5.480000 0.000000 -1.010000 0.757700 7.166774
5.490000 0.000000 -1.010000 0.747600 7.174250
5.500000 0.000000 -1.010000 0.737500 7.181625
5.510000 0.000000 -1.010000 0.727400 7.188899
5.520000 0.000000 -1.010000 0.717300 7.196072
5.530000 0.000000 -1.010000 0.707200 7.203144
5.540000 0.000000 -1.010000 0.697100 7.210115
5.550000 0.000000 -1.010000 0.687000 7.216985
5.560000 0.000000 -1.010000 0.676900 7.223754
5.570000 0.000000 -1.010000 0.666800 7.230422
5.580000 0.000000 -1.010000 0.656700 7.236989
5.590000 0.000000 -1.010000 0.646600 7.243455
5.600000 0.000000 -1.010000 0.636500 7.249820
5.610000 0.000000 -1.010000 0.626400 7.256084
5.620000 0.000000 -1.010000 0.616300 7.262247
5.630000 0.000000 -1.010000 0.606200 7.268309
5.640000 0.000000 -1.010000 0.596100 7.274270
5.650000 0.000000 -1.010000 0.586000 7.280130
5.660000 0.000000 -1.010000 0.575900 7.285889
5.670000 0.000000 -1.010000 0.565800 7.291547
5.680000 0.000000 -1.010000 0.555700 7.297104
5.690000 0.000000 -1.010000 0.545600 7.302560
5.700000 0.000000 -1.010000 0.535500 7.307915
5.710000 0.000000 -1.010000 0.525400 7.313169
5.720000 0.000000 -1.010000 0.515300 7.318322
5.730000 0.000000 -1.010000 0.505200 7.323374
5.740000 0.000000 -1.010000 0.495100 7.328325
5.750000 0.000000 -1.010000 0.485000 7.333175
5.760000 0.000000 -1.010000 0.474900 7.337924
5.770000 1.000000 -1.000000 0.464900 7.342573
5.780000 1.000000 -0.990000 0.455000 7.347123
5.790000 1.000000 -0.980000 0.445200 7.351575
5.800000 1.000000 -0.970000 0.435500 7.355930
5.810000 1.000000 -0.960000 0.425900 7.360189
5.820000 1.000000 -0.950000 0.416400 7.364353
5.830000 1.000000 -0.940000 0.407000 7.368423
5.840000 1.000000 -0.930000 0.397700 7.372400
5.850000 1.000000 -0.920000 0.388500 7.376285
5.860000 1.000000 -0.910000 0.379400 7.380079
5.870000 1.000000 -0.900000 0.370400 7.383783
5.880000 1.000000 -0.890000 0.361500 7.387398
5.890000 1.000000 -0.880000 0.352700 7.390925
5.900000 1.000000 -0.870000 0.344000 7.394365
5.910000 1.000000 -0.860000 0.335400 7.397719
5.920000 1.000000 -0.850000 0.326900 7.400988
5.930000 1.000000 -0.840000 0.318500 7.404173
5.940000 1.000000 -0.830000 0.310200 7.407275
5.950000 1.000000 -0.820000 0.302000 7.410295
5.960000 1.000000 -0.810000 0.293900 7.413234
5.970000 1.000000 -0.800000 0.285900 7.416093
5.980000 1.000000 -0.790000 0.278000 7.418873
5.990000 1.000000 -0.780000 0.270200 7.421575
6.000000 1.000000 -0.770000 0.262500 7.424200
6.010000 1.000000 -0.760000 0.254900 7.426749
6.020000 1.000000 -0.750000 0.247400 7.429223
6.030000 1.000000 -0.740000 0.240000 7.431623
6.040000 1.000000 -0.730000 0.232700 7.433950
6.050000 1.000000 -0.720000 0.225500 7.436205
6.060000 1.000000 -0.710000 0.218400 7.438389
6.070000 1.000000 -0.700000 0.211400 7.440503
6.080000 1.000000 -0.690000 0.204500 7.442548
6.090000 1.000000 -0.680000 0.197700 7.444525
6.100000 1.000000 -0.670000 0.191000 7.446435
6.110000 1.000000 -0.660000 0.184400 7.448279
6.120000 1.000000 -0.650000 0.177900 7.450058
6.130000 1.000000 -0.640000 0.171500 7.451773
6.140000 1.000000 -0.630000 0.165200 7.453425
6.150000 1.000000 -0.620000 0.159000 7.455015
6.160000 1.000000 -0.610000 0.152900 7.456544
6.170000 1.000000 -0.600000 0.146900 7.458013
6.180000 1.000000 -0.590000 0.141000 7.459423
6.190000 1.000000 -0.580000 0.135200 7.460775
6.200000 1.000000 -0.570000 0.129500 7.462070
6.210000 1.000000 -0.560000 0.123900 7.463309
6.220000 1.000000 -0.550000 0.118400 7.464493
6.230000 1.000000 -0.540000 0.113000 7.465623
6.240000 1.000000 -0.530000 0.107700 7.466700
6.250000 1.000000 -0.520000 0.102500 7.467725
6.260000 1.000000 -0.510000 0.097400 7.468699
6.270000 1.000000 -0.500000 0.092400 7.469623
6.280000 1.000000 -0.490000 0.087500 7.470498
6.290000 1.000000 -0.480000 0.082700 7.471325
6.300000 1.000000 -0.470000 0.078000 7.472105
6.310000 1.000000 -0.460000 0.073400 7.472839
6.320000 1.000000 -0.450000 0.068900 7.473528
6.330000 1.000000 -0.440000 0.064500 7.474173
6.340000 1.000000 -0.430000 0.060200 7.474775
6.350000 1.000000 -0.420000 0.056000 7.475335
6.360000 1.000000 -0.410000 0.051900 7.475854
6.370000 1.000000 -0.400000 0.047900 7.476333
6.380000 1.000000 -0.390000 0.044000 7.476773
6.390000 1.000000 -0.380000 0.040200 7.477175
6.400000 1.000000 -0.370000 0.036500 7.477540
6.410000 1.000000 -0.360000 0.032900 7.477869
6.420000 1.000000 -0.350000 0.029400 7.478163
6.430000 1.000000 -0.340000 0.026000 7.478423
6.440000 1.000000 -0.330000 0.022700 7.478650
6.450000 1.000000 -0.320000 0.019500 7.478845
6.460000 1.000000 -0.310000 0.016400 7.479009
6.470000 1.000000 -0.300000 0.013400 7.479143
6.480000 1.000000 -0.290000 0.010500 7.479248
6.490000 1.000000 -0.280000 0.007700 7.479325
6.500000 1.000000 -0.270000 0.005000 7.479375
6.510000 1.000000 -0.260000 0.002400 7.479399
6.520000 1.000000 -0.250000 -0.000100 7.479398
6.530000 1.000000 -0.240000 -0.002500 7.479373
6.540000 1.000000 -0.230000 -0.004800 7.479325
6.550000 1.000000 -0.220000 -0.007000 7.479255
6.560000 1.000000 -0.210000 -0.009100 7.479164
6.570000 1.000000 -0.200000 -0.011100 7.479053
6.580000 1.000000 -0.190000 -0.013000 7.478923
6.590000 1.000000 -0.180000 -0.014800 7.478775
6.600000 1.000000 -0.170000 -0.016500 7.478610
6.610000 1.000000 -0.160000 -0.018100 7.478429
6.620000 1.000000 -0.150000 -0.019600 7.478233
6.630000 1.000000 -0.140000 -0.021000 7.478023
6.640000 1.000000 -0.130000 -0.022300 7.477800
6.650000 1.000000 -0.120000 -0.023500 7.477565
6.660000 1.000000 -0.110000 -0.024600 7.477319
6.670000 1.000000 -0.100000 -0.025600 7.477063
6.680000 1.000000 -0.090000 -0.026500 7.476798
6.690000 1.000000 -0.080000 -0.027300 7.476525
6.700000 1.000000 -0.070000 -0.028000 7.476245
6.710000 1.000000 -0.060000 -0.028600 7.475959
6.720000 1.000000 -0.050000 -0.029100 7.475668
6.730000 1.000000 -0.040000 -0.029500 7.475373
6.740000 1.000000 -0.030000 -0.029800 7.475075
6.750000 1.000000 -0.020000 -0.030000 7.474775
6.760000 1.000000 -0.010000 -0.030100 7.474474
6.760000 0.000000 -0.010000 -0.030100 7.474474
6.770000 1.000000 0.000000 -0.030100 7.474173
6.780000 1.000000 0.010000 -0.030000 7.473873
6.790000 1.000000 0.020000 -0.029800 7.473575
6.800000 1.000000 0.030000 -0.029500 7.473280
6.810000 1.000000 0.040000 -0.029100 7.472989
6.820000 1.000000 0.050000 -0.028600 7.472703
6.830000 1.000000 0.060000 -0.028000 7.472423
6.840000 1.000000 0.070000 -0.027300 7.472150
6.850000 1.000000 0.080000 -0.026500 7.471885
6.860000 1.000000 0.090000 -0.025600 7.471629
6.870000 1.000000 0.100000 -0.024600 7.471383
6.880000 1.000000 0.110000 -0.023500 7.471148
6.890000 1.000000 0.120000 -0.022300 7.470925
6.900000 1.000000 0.130000 -0.021000 7.470715
6.910000 1.000000 0.140000 -0.019600 7.470519
6.920000 1.000000 0.150000 -0.018100 7.470338
6.930000 1.000000 0.160000 -0.016500 7.470173
6.940000 1.000000 0.170000 -0.014800 7.470025
6.950000 1.000000 0.180000 -0.013000 7.469895
6.960000 1.000000 0.190000 -0.011100 7.469784
6.970000 1.000000 0.200000 -0.009100 7.469693
6.980000 1.000000 0.210000 -0.007000 7.469623
6.990000 1.000000 0.220000 -0.004800 7.469575
7.000000 1.000000 0.230000 -0.002500 7.469550
7.010000 1.000000 0.240000 -0.000100 7.469549
7.020000 1.000000 0.250000 0.002400 7.469573
7.030000 1.000000 0.260000 0.005000 7.469623
7.040000 1.000000 0.270000 0.007700 7.469700
7.050000 1.000000 0.280000 0.010500 7.469805
7.060000 1.000000 0.290000 0.013400 7.469939
7.070000 1.000000 0.300000 0.016400 7.470103
7.080000 1.000000 0.310000 0.019500 7.470298
7.090000 1.000000 0.320000 0.022700 7.470525
7.100000 1.000000 0.330000 0.026000 7.470785
7.110000 1.000000 0.340000 0.029400 7.471079
7.120000 1.000000 0.350000 0.032900 7.471408
7.130000 1.000000 0.360000 0.036500 7.471773
7.140000 1.000000 0.370000 0.040200 7.472175
7.150000 1.000000 0.380000 0.044000 7.472615
7.160000 1.000000 0.390000 0.047900 7.473094
7.170000 1.000000 0.400000 0.051900 7.473613
7.180000 1.000000 0.410000 0.056000 7.474173
7.190000 1.000000 0.420000 0.060200 7.474775
7.200000 1.000000 0.430000 0.064500 7.475420
7.210000 1.000000 0.440000 0.068900 7.476109
7.220000 1.000000 0.450000 0.073400 7.476843
7.230000 1.000000 0.460000 0.078000 7.477623
7.240000 1.000000 0.470000 0.082700 7.478450
7.250000 1.000000 0.480000 0.087500 7.479325
7.260000 1.000000 0.490000 0.092400 7.480249
7.270000 1.000000 0.500000 0.097400 7.481223
7.280000 1.000000 0.510000 0.102500 7.482248
7.290000 1.000000 0.520000 0.107700 7.483325
7.300000 1.000000 0.530000 0.113000 7.484455
7.310000 1.000000 0.540000 0.118400 7.485639
7.320000 1.000000 0.550000 0.123900 7.486878
7.330000 1.000000 0.560000 0.129500 7.488173
7.340000 1.000000 0.570000 0.135200 7.489525
7.350000 1.000000 0.580000 0.141000 7.490935
7.360000 1.000000 0.590000 0.146900 7.492404
7.370000 1.000000 0.600000 0.152900 7.493933
7.380000 1.000000 0.610000 0.159000 7.495523
7.390000 1.000000 0.620000 0.165200 7.497175
7.400000 1.000000 0.630000 0.171500 7.498890
7.410000 1.000000 0.640000 0.177900 7.500669
7.420000 1.000000 0.650000 0.184400 7.502513
7.430000 1.000000 0.660000 0.191000 7.504423
7.440000 1.000000 0.670000 0.197700 7.506400
7.450000 1.000000 0.680000 0.204500 7.508445
7.460000 1.000000 0.690000 0.211400 7.510559
7.470000 1.000000 0.700000 0.218400 7.512743
7.480000 1.000000 0.710000 0.225500 7.514998
7.490000 1.000000 0.720000 0.232700 7.517325
7.500000 1.000000 0.730000 0.240000 7.519725
7.510000 1.000000 0.740000 0.247400 7.522199
7.520000 1.000000 0.750000 0.254900 7.524748
7.530000 1.000000 0.760000 0.262500 7.527373
7.540000 1.000000 0.770000 0.270200 7.530075
7.550000 1.000000 0.780000 0.278000 7.532855
7.560000 1.000000 0.790000 0.285900 7.535714
7.570000 1.000000 0.800000 0.293900 7.538653
7.580000 1.000000 0.810000 0.302000 7.541673
7.590000 1.000000 0.820000 0.310200 7.544775
7.600000 1.000000 0.830000 0.318500 7.547960
7.610000 1.000000 0.840000 0.326900 7.551229
7.620000 1.000000 0.850000 0.335400 7.554583
7.630000 1.000000 0.860000 0.344000 7.558023
7.640000 1.000000 0.870000 0.352700 7.561550
7.650000 1.000000 0.880000 0.361500 7.565165
7.660000 1.000000 0.890000 0.370400 7.568869
7.670000 1.000000 0.900000 0.379400 7.572663
7.680000 1.000000 0.910000 0.388500 7.576548
7.690000 1.000000 0.920000 0.397700 7.580525
7.700000 1.000000 0.930000 0.407000 7.584595
7.710000 1.000000 0.940000 0.416400 7.588759
7.720000 1.000000 0.950000 0.425900 7.593018
7.730000 1.000000 0.960000 0.435500 7.597373
7.740000 1.000000 0.970000 0.445200 7.601825
7.750000 1.000000 0.980000 0.455000 7.606375
7.760000 1.000000 0.990000 0.464900 7.611024
7.770000 1.000000 1.000000 0.474900 7.615773
7.780000 0.000000 1.000000 0.484900 7.620622
7.790000 0.000000 1.000000 0.494900 7.625571
7.800000 0.000000 1.000000 0.504900 7.630620
7.810000 0.000000 1.000000 0.514900 7.635769
7.820000 0.000000 1.000000 0.524900 7.641018
7.830000 0.000000 1.000000 0.534900 7.646367
7.840000 0.000000 1.000000 0.544900 7.651816
7.850000 0.000000 1.000000 0.554900 7.657365
7.860000 0.000000 1.000000 0.564900 7.663014
7.870000 0.000000 1.000000 0.574900 7.668763
7.880000 0.000000 1.000000 0.584900 7.674612
7.890000 0.000000 1.000000 0.594900 7.680561
7.900000 0.000000 1.000000 0.604900 7.686610
7.910000 0.000000 1.000000 0.614900 7.692759
7.920000 0.000000 1.000000 0.624900 7.699008
7.930000 -1.000000 0.990000 0.634800 7.705356
7.940000 -1.000000 0.980000 0.644600 7.711802
7.950000 -1.000000 0.970000 0.654300 7.718345
7.960000 -1.000000 0.960000 0.663900 7.724984
7.970000 -1.000000 0.950000 0.673400 7.731718
7.980000 -1.000000 0.940000 0.682800 7.738546
7.990000 -1.000000 0.930000 0.692100 7.745467
8.000000 -1.000000 0.920000 0.701300 7.752480
8.010000 -1.000000 0.910000 0.710400 7.759584
8.020000 -1.000000 0.900000 0.719400 7.766778
8.030000 -1.000000 0.890000 0.728300 7.774061
8.040000 -1.000000 0.880000 0.737100 7.781432
8.050000 -1.000000 0.870000 0.745800 7.788890
8.060000 -1.000000 0.860000 0.754400 7.796434
8.070000 -1.000000 0.850000 0.762900 7.804063
8.080000 -1.000000 0.840000 0.771300 7.811776
8.090000 -1.000000 0.830000 0.779600 7.819572
8.100000 -1.000000 0.820000 0.787800 7.827450
8.110000 -1.000000 0.810000 0.795900 7.835409
8.120000 -1.000000 0.800000 0.803900 7.843448
8.130000 -1.000000 0.790000 0.811800 7.851566
8.140000 -1.000000 0.780000 0.819600 7.859762
8.150000 -1.000000 0.770000 0.827300 7.868035
8.160000 -1.000000 0.760000 0.834900 7.876384
8.170000 -1.000000 0.750000 0.842400 7.884808
8.180000 -1.000000 0.740000 0.849800 7.893306
8.190000 -1.000000 0.730000 0.857100 7.901877
8.200000 -1.000000 0.720000 0.864300 7.910520
8.210000 -1.000000 0.710000 0.871400 7.919234
8.220000 -1.000000 0.700000 0.878400 7.928018
8.230000 -1.000000 0.690000 0.885300 7.936871
8.240000 -1.000000 0.680000 0.892100 7.945792
8.250000 -1.000000 0.670000 0.898800 7.954780
8.260000 -1.000000 0.660000 0.905400 7.963834
8.270000 -1.000000 0.650000 0.911900 7.972953
8.280000 -1.000000 0.640000 0.918300 7.982136
8.290000 -1.000000 0.630000 0.924600 7.991382
8.300000 -1.000000 0.620000 0.930800 8.000690
8.310000 -1.000000 0.610000 0.936900 8.010059
8.320000 -1.000000 0.600000 0.942900 8.019488
8.330000 -1.000000 0.590000 0.948800 8.028976
8.340000 -1.000000 0.580000 0.954600 8.038522
8.350000 -1.000000 0.570000 0.960300 8.048125
8.360000 -1.000000 0.560000 0.965900 8.057784
8.370000 -1.000000 0.550000 0.971400 8.067498
8.380000 -1.000000 0.540000 0.976800 8.077266
8.390000 -1.000000 0.530000 0.982100 8.087087
8.400000 -1.000000 0.520000 0.987300 8.096960
8.410000 -1.000000 0.510000 0.992400 8.106884
8.420000 -1.000000 0.500000 0.997400 8.116858
8.430000 -1.000000 0.490000 1.002300 8.126881
8.440000 -1.000000 0.480000 1.007100 8.136952
8.450000 -1.000000 0.470000 1.011800 8.147070
8.460000 -1.000000 0.460000 1.016400 8.157234
8.470000 -1.000000 0.450000 1.020900 8.167443
8.480000 -1.000000 0.440000 1.025300 8.177696
8.490000 -1.000000 0.430000 1.029600 8.187992
8.500000 -1.000000 0.420000 1.033800 8.198330
8.510000 -1.000000 0.410000 1.037900 8.208709
8.520000 -1.000000 0.400000 1.041900 8.219128
8.530000 -1.000000 0.390000 1.045800 8.229586
8.540000 -1.000000 0.380000 1.049600 8.240082
8.550000 -1.000000 0.370000 1.053300 8.250615
8.560000 -1.000000 0.360000 1.056900 8.261184
8.570000 -1.000000 0.350000 1.060400 8.271788
8.580000 -1.000000 0.340000 1.063800 8.282426
8.590000 -1.000000 0.330000 1.067100 8.293097
8.600000 -1.000000 0.320000 1.070300 8.303800
8.610000 -1.000000 0.310000 1.073400 8.314534
8.620000 -1.000000 0.300000 1.076400 8.325298
8.630000 -1.000000 0.290000 1.079300 8.336091
8.640000 -1.000000 0.280000 1.082100 8.346912
8.650000 -1.000000 0.270000 1.084800 8.357760
8.660000 -1.000000 0.260000 1.087400 8.368634
8.670000 -1.000000 0.250000 1.089900 8.379533
8.680000 -1.000000 0.240000 1.092300 8.390456
8.690000 -1.000000 0.230000 1.094600 8.401402
8.700000 -1.000000 0.220000 1.096800 8.412370
8.710000 -1.000000 0.210000 1.098900 8.423359
8.720000 -1.000000 0.200000 1.100900 8.434368
8.730000 -1.000000 0.190000 1.102800 8.445396
8.740000 -1.000000 0.180000 1.104600 8.456442
8.750000 -1.000000 0.170000 1.106300 8.467505
8.760000 -1.000000 0.160000 1.107900 8.478584
8.770000 -1.000000 0.150000 1.109400 8.489678
8.780000 -1.000000 0.140000 1.110800 8.500786
8.790000 -1.000000 0.130000 1.112100 8.511907
8.800000 -1.000000 0.120000 1.113300 8.523040
8.810000 -1.000000 0.110000 1.114400 8.534184
8.820000 -1.000000 0.100000 1.115400 8.545338
8.830000 -1.000000 0.090000 1.116300 8.556501
8.840000 -1.000000 0.080000 1.117100 8.567672
8.850000 -1.000000 0.070000 1.117800 8.578850
8.860000 -1.000000 0.060000 1.118400 8.590034
8.870000 -1.000000 0.050000 1.118900 8.601223
8.880000 -1.000000 0.040000 1.119300 8.612416
8.890000 -1.000000 0.030000 1.119600 8.623612
8.900000 -1.000000 0.020000 1.119800 8.634810
8.910000 -1.000000 0.010000 1.119900 8.646009
8.920000 -1.000000 -0.000000 1.119900 8.657208
8.930000 -1.000000 -0.010000 1.119800 8.668406
8.940000 -1.000000 -0.020000 1.119600 8.679602
8.950000 -1.000000 -0.030000 1.119300 8.690795
8.960000 -1.000000 -0.040000 1.118900 8.701984
8.970000 -1.000000 -0.050000 1.118400 8.713168
8.980000 -1.000000 -0.060000 1.117800 8.724346
8.990000 -1.000000 -0.070000 1.117100 8.735517
9.000000 -1.000000 -0.080000 1.116300 8.746680
9.010000 -1.000000 -0.090000 1.115400 8.757834
9.020000 -1.000000 -0.100000 1.114400 8.768978
9.030000 -1.000000 -0.110000 1.113300 8.780111
9.040000 -1.000000 -0.120000 1.112100 8.791232
9.050000 -1.000000 -0.130000 1.110800 8.802340
9.060000 -1.000000 -0.140000 1.109400 8.813434
9.070000 -1.000000 -0.150000 1.107900 8.824513
9.080000 -1.000000 -0.160000 1.106300 8.835576
9.090000 -1.000000 -0.170000 1.104600 8.846622
9.100000 -1.000000 -0.180000 1.102800 8.857650
9.110000 -1.000000 -0.190000 1.100900 8.868659
9.120000 -1.000000 -0.200000 1.098900 8.879648
9.130000 -1.000000 -0.210000 1.096800 8.890616
9.140000 -1.000000 -0.220000 1.094600 8.901562
9.150000 -1.000000 -0.230000 1.092300 8.912485
9.160000 -1.000000 -0.240000 1.089900 8.923384
9.170000 -1.000000 -0.250000 1.087400 8.934258
9.180000 -1.000000 -0.260000 1.084800 8.945106
9.190000 -1.000000 -0.270000 1.082100 8.955927
9.200000 -1.000000 -0.280000 1.079300 8.966720
9.210000 -1.000000 -0.290000 1.076400 8.977484
9.220000 -1.000000 -0.300000 1.073400 8.988218
9.230000 -1.000000 -0.310000 1.070300 8.998921
9.240000 -1.000000 -0.320000 1.067100 9.009592
9.250000 -1.000000 -0.330000 1.063800 9.020230
9.260000 -1.000000 -0.340000 1.060400 9.030834
9.270000 -1.000000 -0.350000 1.056900 9.041403
9.280000 -1.000000 -0.360000 1.053300 9.051936
9.290000 -1.000000 -0.370000 1.049600 9.062432
9.300000 -1.000000 -0.380000 1.045800 9.072890
9.310000 -1.000000 -0.390000 1.041900 9.083309
9.320000 -1.000000 -0.400000 1.037900 9.093688
9.330000 -1.000000 -0.410000 1.033800 9.104026
9.340000 -1.000000 -0.420000 1.029600 9.114322
9.350000 -1.000000 -0.430000 1.025300 9.124575
9.360000 -1.000000 -0.440000 1.020900 9.134784
9.370000 -1.000000 -0.450000 1.016400 9.144948
9.380000 -1.000000 -0.460000 1.011800 9.155066
9.390000 -1.000000 -0.470000 1.007100 9.165137
9.400000 -1.000000 -0.480000 1.002300 9.175160
9.410000 -1.000000 -0.490000 0.997400 9.185134
9.420000 -1.000000 -0.500000 0.992400 9.195058
9.430000 -1.000000 -0.510000 0.987300 9.204931
9.440000 -1.000000 -0.520000 0.982100 9.214752
9.450000 -1.000000 -0.530000 0.976800 9.224520
9.460000 -1.000000 -0.540000 0.971400 9.234234
9.470000 -1.000000 -0.550000 0.965900 9.243893
9.480000 -1.000000 -0.560000 0.960300 9.253496
9.490000 -1.000000 -0.570000 0.954600 9.263042
9.500000 -1.000000 -0.580000 0.948800 9.272530
9.510000 -1.000000 -0.590000 0.942900 9.281959
9.520000 -1.000000 -0.600000 0.936900 9.291328
9.530000 -1.000000 -0.610000 0.930800 9.300636
9.540000 -1.000000 -0.620000 0.924600 9.309882
9.550000 -1.000000 -0.630000 0.918300 9.319065
9.560000 -1.000000 -0.640000 0.911900 9.328184
9.570000 -1.000000 -0.650000 0.905400 9.337238
9.580000 -1.000000 -0.660000 0.898800 9.346226
9.590000 -1.000000 -0.670000 0.892100 9.355147
9.600000 -1.000000 -0.680000 0.885300 9.364000
9.610000 -1.000000 -0.690000 0.878400 9.372784
9.620000 -1.000000 -0.700000 0.871400 9.381498
9.630000 -1.000000 -0.710000 0.864300 9.390141
9.640000 -1.000000 -0.720000 0.857100 9.398712
9.650000 -1.000000 -0.730000 0.849800 9.407210
9.660000 -1.000000 -0.740000 0.842400 9.415634
9.670000 -1.000000 -0.750000 0.834900 9.423983
9.680000 -1.000000 -0.760000 0.827300 9.432256
9.690000 -1.000000 -0.770000 0.819600 9.440452
9.700000 -1.000000 -0.780000 0.811800 9.448570
9.710000 -1.000000 -0.790000 0.803900 9.456609
9.720000 -1.000000 -0.800000 0.795900 9.464568
9.730000 -1.000000 -0.810000 0.787800 9.472446
9.740000 -1.000000 -0.820000 0.779600 9.480242
9.750000 -1.000000 -0.830000 0.771300 9.487955
9.760000 -1.000000 -0.840000 0.762900 9.495584
9.770000 -1.000000 -0.850000 0.754400 9.503128
9.780000 -1.000000 -0.860000 0.745800 9.510586
9.790000 -1.000000 -0.870000 0.737100 9.517957
9.800000 -1.000000 -0.880000 0.728300 9.525240
9.810000 -1.000000 -0.890000 0.719400 9.532434
9.820000 -1.000000 -0.900000 0.710400 9.539538
9.830000 -1.000000 -0.910000 0.701300 9.546551
9.840000 -1.000000 -0.920000 0.692100 9.553472
9.850000 -1.000000 -0.930000 0.682800 9.560300
9.860000 -1.000000 -0.940000 0.673400 9.567034
9.870000 -1.000000 -0.950000 0.663900 9.573673
9.880000 -1.000000 -0.960000 0.654300 9.580216
9.890000 -1.000000 -0.970000 0.644600 9.586662
9.900000 -1.000000 -0.980000 0.634800 9.593010
9.910000 -1.000000 -0.990000 0.624900 9.599259
9.920000 -1.000000 -1.000000 0.614900 9.605408
9.930000 0.000000 -1.000000 0.604900 9.611457
9.940000 0.000000 -1.000000 0.594900 9.617406
9.950000 0.000000 -1.000000 0.584900 9.623255
9.960000 0.000000 -1.000000 0.574900 9.629004
9.970000 0.000000 -1.000000 0.564900 9.634653
9.980000 0.000000 -1.000000 0.554900 9.640202
9.990000 0.000000 -1.000000 0.544900 9.645651
10.000000 0.000000 -1.000000 0.534900 9.651000
10.010000 0.000000 -1.000000 0.524900 9.656249
10.020000 0.000000 -1.000000 0.514900 9.661398
10.030000 0.000000 -1.000000 0.504900 9.666447
10.040000 0.000000 -1.000000 0.494900 9.671396
10.050000 0.000000 -1.000000 0.484900 9.676245
10.060000 0.000000 -1.000000 0.474900 9.680994
10.070000 0.000000 -1.000000 0.464900 9.685643
10.080000 0.000000 -1.000000 0.454900 9.690192
10.090000 1.000000 -0.990000 0.445000 9.694642
10.100000 1.000000 -0.980000 0.435200 9.698994
10.110000 1.000000 -0.970000 0.425500 9.703249
10.120000 1.000000 -0.960000 0.415900 9.707408
10.130000 1.000000 -0.950000 0.406400 9.711472
10.140000 1.000000 -0.940000 0.397000 9.715442
10.150000 1.000000 -0.930000 0.387700 9.719319
10.160000 1.000000 -0.920000 0.378500 9.723104
10.170000 1.000000 -0.910000 0.369400 9.726798
10.180000 1.000000 -0.900000 0.360400 9.730402
10.190000 1.000000 -0.890000 0.351500 9.733917
10.200000 1.000000 -0.880000 0.342700 9.737344
10.210000 1.000000 -0.870000 0.334000 9.740684
10.220000 1.000000 -0.860000 0.325400 9.743938
10.230000 1.000000 -0.850000 0.316900 9.747107
10.240000 1.000000 -0.840000 0.308500 9.750192
10.250000 1.000000 -0.830000 0.300200 9.753194
10.260000 1.000000 -0.820000 0.292000 9.756114
10.270000 1.000000 -0.810000 0.283900 9.758953
10.280000 1.000000 -0.800000 0.275900 9.761712
10.290000 1.000000 -0.790000 0.268000 9.764392
10.300000 1.000000 -0.780000 0.260200 9.766994
10.310000 1.000000 -0.770000 0.252500 9.769519
10.320000 1.000000 -0.760000 0.244900 9.771968
10.330000 1.000000 -0.750000 0.237400 9.774342
10.340000 1.000000 -0.740000 0.230000 9.776642
10.350000 1.000000 -0.730000 0.222700 9.778869
10.360000 1.000000 -0.720000 0.215500 9.781024
10.370000 1.000000 -0.710000 0.208400 9.783108
10.380000 1.000000 -0.700000 0.201400 9.785122
10.390000 1.000000 -0.690000 0.194500 9.787067
10.400000 1.000000 -0.680000 0.187700 9.788944
10.410000 1.000000 -0.670000 0.181000 9.790754
10.420000 1.000000 -0.660000 0.174400 9.792498
10.430000 1.000000 -0.650000 0.167900 9.794177
10.440000 1.000000 -0.640000 0.161500 9.795792
10.450000 1.000000 -0.630000 0.155200 9.797344
10.460000 1.000000 -0.620000 0.149000 9.798834
10.470000 1.000000 -0.610000 0.142900 9.800263
10.480000 1.000000 -0.600000 0.136900 9.801632
10.490000 1.000000 -0.590000 0.131000 9.802942
10.500000 1.000000 -0.580000 0.125200 9.804194
10.510000 1.000000 -0.570000 0.119500 9.805389
10.520000 1.000000 -0.560000 0.113900 9.806528
10.530000 1.000000 -0.550000 0.108400 9.807612
10.540000 1.000000 -0.540000 0.103000 9.808642
10.550000 1.000000 -0.530000 0.097700 9.809619
10.560000 1.000000 -0.520000 0.092500 9.810544
10.570000 1.000000 -0.510000 0.087400 9.811418
10.580000 1.000000 -0.500000 0.082400 9.812242
10.590000 1.000000 -0.490000 0.077500 9.813017
10.600000 1.000000 -0.480000 0.072700 9.813744
10.610000 1.000000 -0.470000 0.068000 9.814424
10.620000 1.000000 -0.460000 0.063400 9.815058
10.630000 1.000000 -0.450000 0.058900 9.815647
10.640000 1.000000 -0.440000 0.054500 9.816192
10.650000 1.000000 -0.430000 0.050200 9.816694
10.660000 1.000000 -0.420000 0.046000 9.817154
10.670000 1.000000 -0.410000 0.041900 9.817573
10.680000 1.000000 -0.400000 0.037900 9.817952
10.690000 1.000000 -0.390000 0.034000 9.818292
10.700000 1.000000 -0.380000 0.030200 9.818594
10.710000 1.000000 -0.370000 0.026500 9.818859
10.720000 1.000000 -0.360000 0.022900 9.819088
10.730000 1.000000 -0.350000 0.019400 9.819282
10.740000 1.000000 -0.340000 0.016000 9.819442
10.750000 1.000000 -0.330000 0.012700 9.819569
10.760000 1.000000 -0.320000 0.009500 9.819664
10.770000 1.000000 -0.310000 0.006400 9.819728
10.780000 1.000000 -0.300000 0.003400 9.819762
10.790000 1.000000 -0.290000 0.000500 9.819767
10.800000 1.000000 -0.280000 -0.002300 9.819744
10.810000 1.000000 -0.270000 -0.005000 9.819694
10.820000 1.000000 -0.260000 -0.007600 9.819618
10.830000 1.000000 -0.250000 -0.010100 9.819517
10.840000 1.000000 -0.240000 -0.012500 9.819392
10.850000 1.000000 -0.230000 -0.014800 9.819244
10.860000 1.000000 -0.220000 -0.017000 9.819074
10.870000 1.000000 -0.210000 -0.019100 9.818883
10.880000 1.000000 -0.200000 -0.021100 9.818672
10.890000 1.000000 -0.190000 -0.023000 9.818442
10.900000 1.000000 -0.180000 -0.024800 9.818194
10.910000 1.000000 -0.170000 -0.026500 9.817929
10.920000 1.000000 -0.160000 -0.028100 9.817648
10.930000 1.000000 -0.150000 -0.029600 9.817352
10.940000 1.000000 -0.140000 -0.031000 9.817042
10.950000 1.000000 -0.130000 -0.032300 9.816719
10.960000 1.000000 -0.120000 -0.033500 9.816384
10.970000 1.000000 -0.110000 -0.034600 9.816038
10.980000 1.000000 -0.100000 -0.035600 9.815682
10.990000 1.000000 -0.090000 -0.036500 9.815317
11.000000 1.000000 -0.080000 -0.037300 9.814944
11.010000 1.000000 -0.070000 -0.038000 9.814564
11.020000 1.000000 -0.060000 -0.038600 9.814178
11.030000 1.000000 -0.050000 -0.039100 9.813787
11.040000 1.000000 -0.040000 -0.039500 9.813392
11.050000 1.000000 -0.030000 -0.039800 9.812994
11.060000 1.000000 -0.020000 -0.040000 9.812594
11.070000 1.000000 -0.010000 -0.040100 9.812193
11.080000 1.000000 0.000000 -0.040100 9.811792
11.080000 0.000000 0.000000 -0.040100 9.811792
11.080000 0.000000 0.000000 -0.040100 9.811792
11.090000 -1.000000 -0.010000 -0.040200 9.811390
11.100000 -1.000000 -0.020000 -0.040400 9.810986
11.110000 -1.000000 -0.030000 -0.040700 9.810579
11.120000 -1.000000 -0.040000 -0.041100 9.810168
11.130000 -1.000000 -0.050000 -0.041600 9.809752
11.140000 -1.000000 -0.060000 -0.042200 9.809330
11.150000 -1.000000 -0.070000 -0.042900 9.808901
11.160000 -1.000000 -0.080000 -0.043700 9.808464
11.170000 -1.000000 -0.090000 -0.044600 9.808018
11.180000 -1.000000 -0.100000 -0.045600 9.807562
11.190000 -1.000000 -0.110000 -0.046700 9.807095
11.200000 -1.000000 -0.120000 -0.047900 9.806616
11.210000 -1.000000 -0.130000 -0.049200 9.806124
11.220000 -1.000000 -0.140000 -0.050600 9.805618
11.230000 -1.000000 -0.150000 -0.052100 9.805097
11.240000 -1.000000 -0.160000 -0.053700 9.804560
11.250000 -1.000000 -0.170000 -0.055400 9.804006
11.260000 -1.000000 -0.180000 -0.057200 9.803434
11.270000 -1.000000 -0.190000 -0.059100 9.802843
11.280000 -1.000000 -0.200000 -0.061100 9.802232
11.290000 -1.000000 -0.210000 -0.063200 9.801600
11.300000 -1.000000 -0.220000 -0.065400 9.800946
11.310000 -1.000000 -0.230000 -0.067700 9.800269
11.320000 -1.000000 -0.240000 -0.070100 9.799568
11.330000 -1.000000 -0.250000 -0.072600 9.798842
11.340000 -1.000000 -0.260000 -0.075200 9.798090
11.350000 -1.000000 -0.270000 -0.077900 9.797311
11.360000 -1.000000 -0.280000 -0.080700 9.796504
11.370000 -1.000000 -0.290000 -0.083600 9.795668
11.380000 -1.000000 -0.300000 -0.086600 9.794802
11.390000 -1.000000 -0.310000 -0.089700 9.793905
11.400000 -1.000000 -0.320000 -0.092900 9.792976
11.410000 -1.000000 -0.330000 -0.096200 9.792014
11.420000 -1.000000 -0.340000 -0.099600 9.791018
11.430000 -1.000000 -0.350000 -0.103100 9.789987
11.440000 -1.000000 -0.360000 -0.106700 9.788920
11.450000 -1.000000 -0.370000 -0.110400 9.787816
11.460000 -1.000000 -0.380000 -0.114200 9.786674
11.470000 -1.000000 -0.390000 -0.118100 9.785493
11.480000 -1.000000 -0.400000 -0.122100 9.784272
11.490000 -1.000000 -0.410000 -0.126200 9.783010
11.500000 -1.000000 -0.420000 -0.130400 9.781706
11.510000 -1.000000 -0.430000 -0.134700 9.780359
11.520000 -1.000000 -0.440000 -0.139100 9.778968
11.530000 -1.000000 -0.450000 -0.143600 9.777532
11.540000 -1.000000 -0.460000 -0.148200 9.776050
11.550000 -1.000000 -0.470000 -0.152900 9.774521
11.560000 -1.000000 -0.480000 -0.157700 9.772944
11.570000 -1.000000 -0.490000 -0.162600 9.771318
11.580000 -1.000000 -0.500000 -0.167600 9.769642
11.590000 -1.000000 -0.510000 -0.172700 9.767915
11.600000 -1.000000 -0.520000 -0.177900 9.766136
11.610000 -1.000000 -0.530000 -0.183200 9.764304
11.620000 -1.000000 -0.540000 -0.188600 9.762418
11.630000 -1.000000 -0.550000 -0.194100 9.760477
11.640000 -1.000000 -0.560000 -0.199700 9.758480
11.650000 -1.000000 -0.570000 -0.205400 9.756426
11.660000 -1.000000 -0.580000 -0.211200 9.754314
11.670000 -1.000000 -0.590000 -0.217100 9.752143
11.680000 -1.000000 -0.600000 -0.223100 9.749912
11.690000 -1.000000 -0.610000 -0.229200 9.747620
11.700000 -1.000000 -0.620000 -0.235400 9.745266
11.710000 -1.000000 -0.630000 -0.241700 9.742849
11.720000 -1.000000 -0.640000 -0.248100 9.740368
11.730000 -1.000000 -0.650000 -0.254600 9.737822
11.740000 -1.000000 -0.660000 -0.261200 9.735210
11.750000 -1.000000 -0.670000 -0.267900 9.732531
11.760000 -1.000000 -0.680000 -0.274700 9.729784
11.770000 -1.000000 -0.690000 -0.281600 9.726968
11.780000 -1.000000 -0.700000 -0.288600 9.724082
11.790000 -1.000000 -0.710000 -0.295700 9.721125
11.800000 -1.000000 -0.720000 -0.302900 9.718096
11.810000 -1.000000 -0.730000 -0.310200 9.714994
11.820000 -1.000000 -0.740000 -0.317600 9.711818
11.830000 -1.000000 -0.750000 -0.325100 9.708567
11.840000 -1.000000 -0.760000 -0.332700 9.705240
11.850000 -1.000000 -0.770000 -0.340400 9.701836
11.860000 -1.000000 -0.780000 -0.348200 9.698354
11.870000 -1.000000 -0.790000 -0.356100 9.694793
11.880000 -1.000000 -0.800000 -0.364100 9.691152
11.890000 -1.000000 -0.810000 -0.372200 9.687430
11.900000 -1.000000 -0.820000 -0.380400 9.683626
11.910000 -1.000000 -0.830000 -0.388700 9.679739
11.920000 -1.000000 -0.840000 -0.397100 9.675768
11.930000 -1.000000 -0.850000 -0.405600 9.671712
11.940000 -1.000000 -0.860000 -0.414200 9.667570
11.950000 -1.000000 -0.870000 -0.422900 9.663341
11.960000 -1.000000 -0.880000 -0.431700 9.659024
11.970000 -1.000000 -0.890000 -0.440600 9.654618
11.980000 -1.000000 -0.900000 -0.449600 9.650122
11.990000 -1.000000 -0.910000 -0.458700 9.645535
12.000000 -1.000000 -0.920000 -0.467900 9.640856
12.010000 -1.000000 -0.930000 -0.477200 9.636084
12.020000 -1.000000 -0.940000 -0.486600 9.631218
12.030000 -1.000000 -0.950000 -0.496100 9.626257
12.040000 -1.000000 -0.960000 -0.505700 9.621200
12.050000 -1.000000 -0.970000 -0.515400 9.616046
12.060000 -1.000000 -0.980000 -0.525200 9.610794
12.070000 -1.000000 -0.990000 -0.535100 9.605443
12.080000 -1.000000 -1.000000 -0.545100 9.599992
12.090000 -1.000000 -1.010000 -0.555200 9.594440
12.100000 0.000000 -1.010000 -0.565300 9.588787
12.110000 0.000000 -1.010000 -0.575400 9.583033
12.120000 0.000000 -1.010000 -0.585500 9.577178
12.130000 0.000000 -1.010000 -0.595600 9.571222
12.140000 0.000000 -1.010000 -0.605700 9.565165
12.150000 0.000000 -1.010000 -0.615800 9.559007
12.160000 0.000000 -1.010000 -0.625900 9.552748
12.170000 0.000000 -1.010000 -0.636000 9.546388
12.180000 0.000000 -1.010000 -0.646100 9.539927
12.190000 0.000000 -1.010000 -0.656200 9.533365
12.200000 0.000000 -1.010000 -0.666300 9.526702
12.210000 0.000000 -1.010000 -0.676400 9.519938
12.220000 0.000000 -1.010000 -0.686500 9.513073
12.230000 0.000000 -1.010000 -0.696600 9.506107
12.240000 0.000000 -1.010000 -0.706700 9.499040
12.250000 0.000000 -1.010000 -0.716800 9.491872
12.260000 0.000000 -1.010000 -0.726900 9.484603
12.270000 0.000000 -1.010000 -0.737000 9.477233
12.280000 0.000000 -1.010000 -0.747100 9.469762
12.290000 0.000000 -1.010000 -0.757200 9.462190
12.300000 0.000000 -1.010000 -0.767300 9.454517
12.310000 0.000000 -1.010000 -0.777400 9.446743
12.320000 0.000000 -1.010000 -0.787500 9.438868
12.330000 0.000000 -1.010000 -0.797600 9.430892
12.340000 0.000000 -1.010000 -0.807700 9.422815
12.350000 0.000000 -1.010000 -0.817800 9.414637
12.360000 0.000000 -1.010000 -0.827900 9.406358
12.370000 0.000000 -1.010000 -0.838000 9.397978
12.380000 0.000000 -1.010000 -0.848100 9.389497
12.390000 0.000000 -1.010000 -0.858200 9.380915
12.400000 0.000000 -1.010000 -0.868300 9.372232
12.410000 0.000000 -1.010000 -0.878400 9.363448
12.420000 0.000000 -1.010000 -0.888500 9.354563
12.430000 0.000000 -1.010000 -0.898600 9.345577
12.440000 0.000000 -1.010000 -0.908700 9.336490
12.450000 0.000000 -1.010000 -0.918800 9.327302
12.460000 0.000000 -1.010000 -0.928900 9.318013
12.470000 0.000000 -1.010000 -0.939000 9.308623
12.480000 0.000000 -1.010000 -0.949100 9.299132
12.490000 0.000000 -1.010000 -0.959200 9.289540
12.500000 0.000000 -1.010000 -0.969300 9.279847
12.510000 0.000000 -1.010000 -0.979400 9.270053
12.520000 0.000000 -1.010000 -0.989500 9.260158
12.530000 0.000000 -1.010000 -0.999600 9.250162
12.540000 0.000000 -1.010000 -1.009700 9.240065
12.550000 0.000000 -1.010000 -1.019800 9.229867
12.560000 0.000000 -1.010000 -1.029900 9.219568
12.570000 0.000000 -1.010000 -1.040000 9.209168
12.580000 0.000000 -1.010000 -1.050100 9.198667
12.590000 0.000000 -1.010000 -1.060200 9.188065
12.600000 0.000000 -1.010000 -1.070300 9.177362
12.610000 0.000000 -1.010000 -1.080400 9.166558
12.620000 0.000000 -1.010000 -1.090500 9.155653
12.630000 0.000000 -1.010000 -1.100600 9.144647
12.640000 0.000000 -1.010000 -1.110700 9.133540
12.650000 0.000000 -1.010000 -1.120800 9.122332
12.660000 0.000000 -1.010000 -1.130900 9.111023
12.670000 0.000000 -1.010000 -1.141000 9.099613
12.680000 0.000000 -1.010000 -1.151100 9.088102
12.690000 0.000000 -1.010000 -1.161200 9.076490
12.700000 0.000000 -1.010000 -1.171300 9.064777
12.710000 0.000000 -1.010000 -1.181400 9.052963
12.720000 0.000000 -1.010000 -1.191500 9.041048
12.730000 0.000000 -1.010000 -1.201600 9.029032
12.740000 0.000000 -1.010000 -1.211700 9.016915
12.750000 0.000000 -1.010000 -1.221800 9.004697
12.760000 0.000000 -1.010000 -1.231900 8.992378
12.770000 0.000000 -1.010000 -1.242000 8.979958
12.780000 0.000000 -1.010000 -1.252100 8.967437
12.790000 0.000000 -1.010000 -1.262200 8.954815
12.800000 0.000000 -1.010000 -1.272300 8.942092
12.810000 0.000000 -1.010000 -1.282400 8.929268
12.820000 0.000000 -1.010000 -1.292500 8.916343
12.830000 0.000000 -1.010000 -1.302600 8.903317
12.840000 0.000000 -1.010000 -1.312700 8.890190
12.850000 0.000000 -1.010000 -1.322800 8.876962
12.860000 0.000000 -1.010000 -1.332900 8.863633
12.870000 0.000000 -1.010000 -1.343000 8.850203
12.880000 0.000000 -1.010000 -1.353100 8.836672
12.890000 1.000000 -1.000000 -1.363100 8.823041
12.900000 1.000000 -0.990000 -1.373000 8.809311
12.910000 1.000000 -0.980000 -1.382800 8.795483
12.920000 1.000000 -0.970000 -1.392500 8.781558
12.930000 1.000000 -0.960000 -1.402100 8.767537
12.940000 1.000000 -0.950000 -1.411600 8.753421
12.950000 1.000000 -0.940000 -1.421000 8.739211
12.960000 1.000000 -0.930000 -1.430300 8.724908
12.970000 1.000000 -0.920000 -1.439500 8.710513
12.980000 1.000000 -0.910000 -1.448600 8.696027
12.990000 1.000000 -0.900000 -1.457600 8.681451
13.000000 1.000000 -0.890000 -1.466500 8.666786
13.010000 1.000000 -0.880000 -1.475300 8.652033
13.020000 1.000000 -0.870000 -1.484000 8.637193
13.030000 1.000000 -0.860000 -1.492600 8.622267
13.040000 1.000000 -0.850000 -1.501100 8.607256
13.050000 1.000000 -0.840000 -1.509500 8.592161
13.060000 1.000000 -0.830000 -1.517800 8.576983
13.070000 1.000000 -0.820000 -1.526000 8.561723
13.080000 1.000000 -0.810000 -1.534100 8.546382
13.090000 1.000000 -0.800000 -1.542100 8.530961
13.100000 1.000000 -0.790000 -1.550000 8.515461
13.110000 1.000000 -0.780000 -1.557800 8.499883
13.120000 1.000000 -0.770000 -1.565500 8.484228
13.130000 1.000000 -0.760000 -1.573100 8.468497
13.140000 1.000000 -0.750000 -1.580600 8.452691
13.150000 1.000000 -0.740000 -1.588000 8.436811
13.160000 1.000000 -0.730000 -1.595300 8.420858
13.170000 1.000000 -0.720000 -1.602500 8.404833
13.180000 1.000000 -0.710000 -1.609600 8.388737
13.190000 1.000000 -0.700000 -1.616600 8.372571
13.200000 1.000000 -0.690000 -1.623500 8.356336
13.210000 1.000000 -0.680000 -1.630300 8.340033
13.220000 1.000000 -0.670000 -1.637000 8.323663
13.230000 1.000000 -0.660000 -1.643600 8.307227
13.240000 1.000000 -0.650000 -1.650100 8.290726
13.250000 1.000000 -0.640000 -1.656500 8.274161
13.260000 1.000000 -0.630000 -1.662800 8.257533
13.270000 1.000000 -0.620000 -1.669000 8.240843
13.280000 1.000000 -0.610000 -1.675100 8.224092
13.290000 1.000000 -0.600000 -1.681100 8.207281
13.300000 1.000000 -0.590000 -1.687000 8.190411
13.310000 1.000000 -0.580000 -1.692800 8.173483
13.320000 1.000000 -0.570000 -1.698500 8.156498
13.330000 1.000000 -0.560000 -1.704100 8.139457
13.340000 1.000000 -0.550000 -1.709600 8.122361
13.350000 1.000000 -0.540000 -1.715000 8.105211
13.360000 1.000000 -0.530000 -1.720300 8.088008
13.370000 1.000000 -0.520000 -1.725500 8.070753
13.380000 1.000000 -0.510000 -1.730600 8.053447
13.390000 1.000000 -0.500000 -1.735600 8.036091
13.400000 1.000000 -0.490000 -1.740500 8.018686
13.410000 1.000000 -0.480000 -1.745300 8.001233
13.420000 1.000000 -0.470000 -1.750000 7.983733
13.430000 1.000000 -0.460000 -1.754600 7.966187
13.440000 1.000000 -0.450000 -1.759100 7.948596
13.450000 1.000000 -0.440000 -1.763500 7.930961
13.460000 1.000000 -0.430000 -1.767800 7.913283
13.470000 1.000000 -0.420000 -1.772000 7.895563
13.480000 1.000000 -0.410000 -1.776100 7.877802
13.490000 1.000000 -0.400000 -1.780100 7.860001
13.500000 1.000000 -0.390000 -1.784000 7.842161
13.510000 1.000000 -0.380000 -1.787800 7.824283
13.520000 1.000000 -0.370000 -1.791500 7.806368
13.530000 1.000000 -0.360000 -1.795100 7.788417
13.540000 1.000000 -0.350000 -1.798600 7.770431
13.550000 1.000000 -0.340000 -1.802000 7.752411
13.560000 1.000000 -0.330000 -1.805300 7.734358
13.570000 1.000000 -0.320000 -1.808500 7.716273
13.580000 1.000000 -0.310000 -1.811600 7.698157
13.590000 1.000000 -0.300000 -1.814600 7.680011
13.600000 1.000000 -0.290000 -1.817500 7.661836
13.610000 1.000000 -0.280000 -1.820300 7.643633
13.620000 1.000000 -0.270000 -1.823000 7.625403
13.630000 1.000000 -0.260000 -1.825600 7.607147
13.640000 1.000000 -0.250000 -1.828100 7.588866
13.650000 1.000000 -0.240000 -1.830500 7.570561
13.660000 1.000000 -0.230000 -1.832800 7.552233
13.670000 1.000000 -0.220000 -1.835000 7.533883
13.680000 1.000000 -0.210000 -1.837100 7.515512
13.690000 1.000000 -0.200000 -1.839100 7.497121
13.700000 1.000000 -0.190000 -1.841000 7.478711
13.710000 1.000000 -0.180000 -1.842800 7.460283
13.720000 1.000000 -0.170000 -1.844500 7.441838
13.730000 1.000000 -0.160000 -1.846100 7.423377
13.740000 1.000000 -0.150000 -1.847600 7.404901
13.750000 1.000000 -0.140000 -1.849000 7.386411
13.760000 1.000000 -0.130000 -1.850300 7.367908
13.770000 1.000000 -0.120000 -1.851500 7.349393
13.780000 1.000000 -0.110000 -1.852600 7.330867
13.790000 1.000000 -0.100000 -1.853600 7.312331
13.800000 1.000000 -0.090000 -1.854500 7.293786
13.810000 1.000000 -0.080000 -1.855300 7.275233
13.820000 1.000000 -0.070000 -1.856000 7.256673
13.830000 1.000000 -0.060000 -1.856600 7.238107
13.840000 1.000000 -0.050000 -1.857100 7.219536
13.850000 1.000000 -0.040000 -1.857500 7.200961
13.860000 1.000000 -0.030000 -1.857800 7.182383
13.870000 1.000000 -0.020000 -1.858000 7.163803
13.880000 1.000000 -0.010000 -1.858100 7.145222
13.890000 1.000000 0.000000 -1.858100 7.126641
13.900000 1.000000 0.010000 -1.858000 7.108061
13.910000 1.000000 0.020000 -1.857800 7.089483
13.920000 1.000000 0.030000 -1.857500 7.070908
13.930000 1.000000 0.040000 -1.857100 7.052337
13.940000 1.000000 0.050000 -1.856600 7.033771
13.950000 1.000000 0.060000 -1.856000 7.015211
13.960000 1.000000 0.070000 -1.855300 6.996658
13.970000 1.000000 0.080000 -1.854500 6.978113
13.980000 1.000000 0.090000 -1.853600 6.959577
13.990000 1.000000 0.100000 -1.852600 6.941051
14.000000 1.000000 0.110000 -1.851500 6.922536
14.010000 1.000000 0.120000 -1.850300 6.904033
14.020000 1.000000 0.130000 -1.849000 6.885543
14.030000 1.000000 0.140000 -1.847600 6.867067
14.040000 1.000000 0.150000 -1.846100 6.848606
14.050000 1.000000 0.160000 -1.844500 6.830161
14.060000 1.000000 0.170000 -1.842800 6.811733
14.070000 1.000000 0.180000 -1.841000 6.793323
14.080000 1.000000 0.190000 -1.839100 6.774932
14.090000 1.000000 0.200000 -1.837100 6.756561
14.100000 1.000000 0.210000 -1.835000 6.738211
14.110000 1.000000 0.220000 -1.832800 6.719883
14.120000 1.000000 0.230000 -1.830500 6.701578
14.130000 1.000000 0.240000 -1.828100 6.683297
14.140000 1.000000 0.250000 -1.825600 6.665041
14.150000 1.000000 0.260000 -1.823000 6.646811
14.160000 1.000000 0.270000 -1.820300 6.628608
14.170000 1.000000 0.280000 -1.817500 6.610433
14.180000 1.000000 0.290000 -1.814600 6.592287
14.190000 1.000000 0.300000 -1.811600 6.574171
14.200000 1.000000 0.310000 -1.808500 6.556086
14.210000 1.000000 0.320000 -1.805300 6.538033
14.220000 1.000000 0.330000 -1.802000 6.520013
14.230000 1.000000 0.340000 -1.798600 6.502027
14.240000 1.000000 0.350000 -1.795100 6.484076
14.250000 1.000000 0.360000 -1.791500 6.466161
14.260000 1.000000 0.370000 -1.787800 6.448283
14.270000 1.000000 0.380000 -1.784000 6.430443
14.280000 1.000000 0.390000 -1.780100 6.412642
14.290000 1.000000 0.400000 -1.776100 6.394881
14.300000 1.000000 0.410000 -1.772000 6.377161
14.310000 1.000000 0.420000 -1.767800 6.359483
14.320000 1.000000 0.430000 -1.763500 6.341848
14.330000 1.000000 0.440000 -1.759100 6.324257
14.340000 1.000000 0.450000 -1.754600 6.306711
14.350000 1.000000 0.460000 -1.750000 6.289211
14.360000 1.000000 0.470000 -1.745300 6.271758
14.370000 1.000000 0.480000 -1.740500 6.254353
14.380000 1.000000 0.490000 -1.735600 6.236997
14.390000 1.000000 0.500000 -1.730600 6.219691
14.400000 1.000000 0.510000 -1.725500 6.202436
14.410000 1.000000 0.520000 -1.720300 6.185233
14.420000 1.000000 0.530000 -1.715000 6.168083
14.430000 1.000000 0.540000 -1.709600 6.150987
14.440000 1.000000 0.550000 -1.704100 6.133946
14.450000 1.000000 0.560000 -1.698500 6.116961
14.460000 1.000000 0.570000 -1.692800 6.100033
14.470000 1.000000 0.580000 -1.687000 6.083163
14.480000 1.000000 0.590000 -1.681100 6.066352
14.490000 1.000000 0.600000 -1.675100 6.049601
14.500000 1.000000 0.610000 -1.669000 6.032911
14.510000 1.000000 0.620000 -1.662800 6.016283
14.520000 1.000000 0.630000 -1.656500 5.999718
14.530000 1.000000 0.640000 -1.650100 5.983217
14.540000 1.000000 0.650000 -1.643600 5.966781
14.550000 1.000000 0.660000 -1.637000 5.950411
14.560000 1.000000 0.670000 -1.630300 5.934108
14.570000 1.000000 0.680000 -1.623500 5.917873
14.580000 1.000000 0.690000 -1.616600 5.901707
14.590000 1.000000 0.700000 -1.609600 5.885611
14.600000 1.000000 0.710000 -1.602500 5.869586
14.610000 1.000000 0.720000 -1.595300 5.853633
14.620000 1.000000 0.730000 -1.588000 5.837753
14.630000 1.000000 0.740000 -1.580600 5.821947
14.640000 1.000000 0.750000 -1.573100 5.806216
14.650000 1.000000 0.760000 -1.565500 5.790561
14.660000 1.000000 0.770000 -1.557800 5.774983
14.670000 1.000000 0.780000 -1.550000 5.759483
14.680000 1.000000 0.790000 -1.542100 5.744062
14.690000 1.000000 0.800000 -1.534100 5.728721
14.700000 1.000000 0.810000 -1.526000 5.713461
14.710000 1.000000 0.820000 -1.517800 5.698283
14.720000 1.000000 0.830000 -1.509500 5.683188
14.730000 1.000000 0.840000 -1.501100 5.668177
14.740000 1.000000 0.850000 -1.492600 5.653251
14.750000 1.000000 0.860000 -1.484000 5.638411
14.760000 1.000000 0.870000 -1.475300 5.623658
14.770000 1.000000 0.880000 -1.466500 5.608993
14.780000 1.000000 0.890000 -1.457600 5.594417
14.790000 1.000000 0.900000 -1.448600 5.579931
14.800000 1.000000 0.910000 -1.439500 5.565536
14.810000 1.000000 0.920000 -1.430300 5.551233
14.820000 1.000000 0.930000 -1.421000 5.537023
14.830000 1.000000 0.940000 -1.411600 5.522907
14.840000 1.000000 0.950000 -1.402100 5.508886
14.850000 1.000000 0.960000 -1.392500 5.494961
14.860000 1.000000 0.970000 -1.382800 5.481133
14.870000 1.000000 0.980000 -1.373000 5.467403
14.880000 1.000000 0.990000 -1.363100 5.453772
14.890000 0.000000 0.990000 -1.353200 5.440240
14.900000 0.000000 0.990000 -1.343300 5.426807
14.910000 0.000000 0.990000 -1.333400 5.413473
14.920000 0.000000 0.990000 -1.323500 5.400238
14.930000 0.000000 0.990000 -1.313600 5.387102
14.940000 0.000000 0.990000 -1.303700 5.374065
14.950000 0.000000 0.990000 -1.293800 5.361127
14.960000 0.000000 0.990000 -1.283900 5.348288
14.970000 0.000000 0.990000 -1.274000 5.335548
14.980000 0.000000 0.990000 -1.264100 5.322907
14.990000 0.000000 0.990000 -1.254200 5.310365
15.000000 0.000000 0.990000 -1.244300 5.297922
15.010000 0.000000 0.990000 -1.234400 5.285578
15.020000 0.000000 0.990000 -1.224500 5.273333
15.030000 0.000000 0.990000 -1.214600 5.261187
15.040000 0.000000 0.990000 -1.204700 5.249140
15.050000 0.000000 0.990000 -1.194800 5.237192
15.060000 0.000000 0.990000 -1.184900 5.225343
15.070000 0.000000 0.990000 -1.175000 5.213593
15.080000 0.000000 0.990000 -1.165100 5.201942
15.090000 0.000000 0.990000 -1.155200 5.190390
15.100000 0.000000 0.990000 -1.145300 5.178937
15.110000 0.000000 0.990000 -1.135400 5.167583
15.120000 0.000000 0.990000 -1.125500 5.156328
15.130000 0.000000 0.990000 -1.115600 5.145172
15.140000 0.000000 0.990000 -1.105700 5.134115
15.150000 0.000000 0.990000 -1.095800 5.123157
15.160000 0.000000 0.990000 -1.085900 5.112298
15.170000 0.000000 0.990000 -1.076000 5.101538
15.180000 0.000000 0.990000 -1.066100 5.090877
15.190000 0.000000 0.990000 -1.056200 5.080315
15.200000 0.000000 0.990000 -1.046300 5.069852
15.210000 0.000000 0.990000 -1.036400 5.059488
15.220000 0.000000 0.990000 -1.026500 5.049223
15.230000 0.000000 0.990000 -1.016600 5.039057
15.240000 0.000000 0.990000 -1.006700 5.028990
15.250000 0.000000 0.990000 -0.996800 5.019022
15.260000 0.000000 0.990000 -0.986900 5.009153
15.270000 0.000000 0.990000 -0.977000 4.999383
15.280000 0.000000 0.990000 -0.967100 4.989712
15.290000 0.000000 0.990000 -0.957200 4.980140
15.300000 0.000000 0.990000 -0.947300 4.970667
15.310000 0.000000 0.990000 -0.937400 4.961293
15.320000 0.000000 0.990000 -0.927500 4.952018
15.330000 0.000000 0.990000 -0.917600 4.942842
15.340000 0.000000 0.990000 -0.907700 4.933765
15.350000 0.000000 0.990000 -0.897800 4.924787
15.360000 0.000000 0.990000 -0.887900 4.915908
15.370000 0.000000 0.990000 -0.878000 4.907128
15.380000 0.000000 0.990000 -0.868100 4.898447
15.390000 0.000000 0.990000 -0.858200 4.889865
15.400000 0.000000 0.990000 -0.848300 4.881382
15.410000 0.000000 0.990000 -0.838400 4.872998
15.420000 0.000000 0.990000 -0.828500 4.864713
15.430000 0.000000 0.990000 -0.818600 4.856527
15.440000 0.000000 0.990000 -0.808700 4.848440
15.450000 0.000000 0.990000 -0.798800 4.840452
15.460000 0.000000 0.990000 -0.788900 4.832563
15.470000 0.000000 0.990000 -0.779000 4.824773
15.480000 0.000000 0.990000 -0.769100 4.817082
15.490000 0.000000 0.990000 -0.759200 4.809490
15.500000 0.000000 0.990000 -0.749300 4.801997
15.510000 0.000000 0.990000 -0.739400 4.794603
15.520000 0.000000 0.990000 -0.729500 4.787308
15.530000 0.000000 0.990000 -0.719600 4.780112
15.540000 0.000000 0.990000 -0.709700 4.773015
15.550000 0.000000 0.990000 -0.699800 4.766017
15.560000 0.000000 0.990000 -0.689900 4.759118
15.570000 0.000000 0.990000 -0.680000 4.752318
15.580000 0.000000 0.990000 -0.670100 4.745617
15.590000 0.000000 0.990000 -0.660200 4.739015
15.600000 0.000000 0.990000 -0.650300 4.732512
15.610000 0.000000 0.990000 -0.640400 4.726108
15.620000 0.000000 0.990000 -0.630500 4.719803
15.630000 0.000000 0.990000 -0.620600 4.713597
15.640000 0.000000 0.990000 -0.610700 4.707490
15.650000 0.000000 0.990000 -0.600800 4.701482
15.660000 0.000000 0.990000 -0.590900 4.695573
15.670000 0.000000 0.990000 -0.581000 4.689763
15.680000 -1.000000 0.980000 -0.571200 4.684051
15.690000 -1.000000 0.970000 -0.561500 4.678436
15.700000 -1.000000 0.960000 -0.551900 4.672917
15.710000 -1.000000 0.950000 -0.542400 4.667493
15.720000 -1.000000 0.940000 -0.533000 4.662163
15.730000 -1.000000 0.930000 -0.523700 4.656926
15.740000 -1.000000 0.920000 -0.514500 4.651781
15.750000 -1.000000 0.910000 -0.505400 4.646727
15.760000 -1.000000 0.900000 -0.496400 4.641763
15.770000 -1.000000 0.890000 -0.487500 4.636888
15.780000 -1.000000 0.880000 -0.478700 4.632101
15.790000 -1.000000 0.870000 -0.470000 4.627401
15.800000 -1.000000 0.860000 -0.461400 4.622787
15.810000 -1.000000 0.850000 -0.452900 4.618258
15.820000 -1.000000 0.840000 -0.444500 4.613813
15.830000 -1.000000 0.830000 -0.436200 4.609451
15.840000 -1.000000 0.820000 -0.428000 4.605171
15.850000 -1.000000 0.810000 -0.419900 4.600972
15.860000 -1.000000 0.800000 -0.411900 4.596853
15.870000 -1.000000 0.790000 -0.404000 4.592813
15.880000 -1.000000 0.780000 -0.396200 4.588851
15.890000 -1.000000 0.770000 -0.388500 4.584966
15.900000 -1.000000 0.760000 -0.380900 4.581157
15.910000 -1.000000 0.750000 -0.373400 4.577423
15.920000 -1.000000 0.740000 -0.366000 4.573763
15.930000 -1.000000 0.730000 -0.358700 4.570176
15.940000 -1.000000 0.720000 -0.351500 4.566661
15.950000 -1.000000 0.710000 -0.344400 4.563217
15.960000 -1.000000 0.700000 -0.337400 4.559843
15.970000 -1.000000 0.690000 -0.330500 4.556538
15.980000 -1.000000 0.680000 -0.323700 4.553301
15.990000 -1.000000 0.670000 -0.317000 4.550131
16.000000 -1.000000 0.660000 -0.310400 4.547027
16.010000 -1.000000 0.650000 -0.303900 4.543988
16.020000 -1.000000 0.640000 -0.297500 4.541013
16.030000 -1.000000 0.630000 -0.291200 4.538101
16.040000 -1.000000 0.620000 -0.285000 4.535251
16.050000 -1.000000 0.610000 -0.278900 4.532462
16.060000 -1.000000 0.600000 -0.272900 4.529733
16.070000 -1.000000 0.590000 -0.267000 4.527063
16.080000 -1.000000 0.580000 -0.261200 4.524451
16.090000 -1.000000 0.570000 -0.255500 4.521896
16.100000 -1.000000 0.560000 -0.249900 4.519397
16.110000 -1.000000 0.550000 -0.244400 4.516953
16.120000 -1.000000 0.540000 -0.239000 4.514563
16.130000 -1.000000 0.530000 -0.233700 4.512226
16.140000 -1.000000 0.520000 -0.228500 4.509941
16.150000 -1.000000 0.510000 -0.223400 4.507707
16.160000 -1.000000 0.500000 -0.218400 4.505523
16.170000 -1.000000 0.490000 -0.213500 4.503388
16.180000 -1.000000 0.480000 -0.208700 4.501301
16.190000 -1.000000 0.470000 -0.204000 4.499261
16.200000 -1.000000 0.460000 -0.199400 4.497267
16.210000 -1.000000 0.450000 -0.194900 4.495318
16.220000 -1.000000 0.440000 -0.190500 4.493413
16.230000 -1.000000 0.430000 -0.186200 4.491551
16.240000 -1.000000 0.420000 -0.182000 4.489731
16.250000 -1.000000 0.410000 -0.177900 4.487952
16.260000 -1.000000 0.400000 -0.173900 4.486213
16.270000 -1.000000 0.390000 -0.170000 4.484513
16.280000 -1.000000 0.380000 -0.166200 4.482851
16.290000 -1.000000 0.370000 -0.162500 4.481226
16.300000 -1.000000 0.360000 -0.158900 4.479637
16.310000 -1.000000 0.350000 -0.155400 4.478083
16.320000 -1.000000 0.340000 -0.152000 4.476563
16.330000 -1.000000 0.330000 -0.148700 4.475076
16.340000 -1.000000 0.320000 -0.145500 4.473621
16.350000 -1.000000 0.310000 -0.142400 4.472197
16.360000 -1.000000 0.300000 -0.139400 4.470803
16.370000 -1.000000 0.290000 -0.136500 4.469438
16.380000 -1.000000 0.280000 -0.133700 4.468101
16.390000 -1.000000 0.270000 -0.131000 4.466791
16.400000 -1.000000 0.260000 -0.128400 4.465507
16.410000 -1.000000 0.250000 -0.125900 4.464248
16.420000 -1.000000 0.240000 -0.123500 4.463013
16.430000 -1.000000 0.230000 -0.121200 4.461801
16.440000 -1.000000 0.220000 -0.119000 4.460611
16.450000 -1.000000 0.210000 -0.116900 4.459442
16.460000 -1.000000 0.200000 -0.114900 4.458293
16.470000 -1.000000 0.190000 -0.113000 4.457163
16.480000 -1.000000 0.180000 -0.111200 4.456051
16.490000 -1.000000 0.170000 -0.109500 4.454956
16.500000 -1.000000 0.160000 -0.107900 4.453877
16.510000 -1.000000 0.150000 -0.106400 4.452813
16.520000 -1.000000 0.140000 -0.105000 4.451763
16.530000 -1.000000 0.130000 -0.103700 4.450726
16.540000 -1.000000 0.120000 -0.102500 4.449701
16.550000 -1.000000 0.110000 -0.101400 4.448687
16.560000 -1.000000 0.100000 -0.100400 4.447683
16.570000 -1.000000 0.090000 -0.099500 4.446688
16.580000 -1.000000 0.080000 -0.098700 4.445701
16.590000 -1.000000 0.070000 -0.098000 4.444721
16.600000 -1.000000 0.060000 -0.097400 4.443747
16.610000 -1.000000 0.050000 -0.096900 4.442778
16.620000 -1.000000 0.040000 -0.096500 4.441813
16.630000 -1.000000 0.030000 -0.096200 4.440851
16.640000 -1.000000 0.020000 -0.096000 4.439891
16.650000 -1.000000 0.010000 -0.095900 4.438932
16.660000 -1.000000 0.000000 -0.095900 4.437973
16.670000 -1.000000 -0.010000 -0.096000 4.437013
16.670000 0.000000 -0.010000 -0.096000 4.437013
16.670000 0.000000 -0.010000 -0.096000 4.437013
16.680000 -1.000000 -0.020000 -0.096200 4.436051
16.690000 -1.000000 -0.030000 -0.096500 4.435086
16.700000 -1.000000 -0.040000 -0.096900 4.434117
16.710000 -1.000000 -0.050000 -0.097400 4.433143
16.720000 -1.000000 -0.060000 -0.098000 4.432163
16.730000 -1.000000 -0.070000 -0.098700 4.431176
16.740000 -1.000000 -0.080000 -0.099500 4.430181
16.750000 -1.000000 -0.090000 -0.100400 4.429177
16.760000 -1.000000 -0.100000 -0.101400 4.428163
16.770000 -1.000000 -0.110000 -0.102500 4.427138
16.780000 -1.000000 -0.120000 -0.103700 4.426101
16.790000 -1.000000 -0.130000 -0.105000 4.425051
16.800000 -1.000000 -0.140000 -0.106400 4.423987
16.810000 -1.000000 -0.150000 -0.107900 4.422908
16.820000 -1.000000 -0.160000 -0.109500 4.421813
16.830000 -1.000000 -0.170000 -0.111200 4.420701
16.840000 -1.000000 -0.180000 -0.113000 4.419571
16.850000 -1.000000 -0.190000 -0.114900 4.418422
16.860000 -1.000000 -0.200000 -0.116900 4.417253
16.870000 -1.000000 -0.210000 -0.119000 4.416063
16.880000 -1.000000 -0.220000 -0.121200 4.414851
16.890000 -1.000000 -0.230000 -0.123500 4.413616
16.900000 -1.000000 -0.240000 -0.125900 4.412357
16.910000 -1.000000 -0.250000 -0.128400 4.411073
16.920000 -1.000000 -0.260000 -0.131000 4.409763
16.930000 -1.000000 -0.270000 -0.133700 4.408426
16.940000 -1.000000 -0.280000 -0.136500 4.407061
16.950000 -1.000000 -0.290000 -0.139400 4.405667
16.960000 -1.000000 -0.300000 -0.142400 4.404243
16.970000 -1.000000 -0.310000 -0.145500 4.402788
16.980000 -1.000000 -0.320000 -0.148700 4.401301
16.990000 -1.000000 -0.330000 -0.152000 4.399781
17.000000 -1.000000 -0.340000 -0.155400 4.398227
17.010000 -1.000000 -0.350000 -0.158900 4.396638
17.020000 -1.000000 -0.360000 -0.162500 4.395013
17.030000 -1.000000 -0.370000 -0.166200 4.393351
17.040000 -1.000000 -0.380000 -0.170000 4.391651
17.050000 -1.000000 -0.390000 -0.173900 4.389912
17.060000 -1.000000 -0.400000 -0.177900 4.388133
17.070000 -1.000000 -0.410000 -0.182000 4.386313
17.080000 -1.000000 -0.420000 -0.186200 4.384451
17.090000 -1.000000 -0.430000 -0.190500 4.382546
17.100000 -1.000000 -0.440000 -0.194900 4.380597
17.110000 -1.000000 -0.450000 -0.199400 4.378603
17.120000 -1.000000 -0.460000 -0.204000 4.376563
17.130000 -1.000000 -0.470000 -0.208700 4.374476
17.140000 -1.000000 -0.480000 -0.213500 4.372341
17.150000 -1.000000 -0.490000 -0.218400 4.370157
17.160000 -1.000000 -0.500000 -0.223400 4.367923
17.170000 -1.000000 -0.510000 -0.228500 4.365638
17.180000 -1.000000 -0.520000 -0.233700 4.363301
17.190000 -1.000000 -0.530000 -0.239000 4.360911
17.200000 -1.000000 -0.540000 -0.244400 4.358467
17.210000 -1.000000 -0.550000 -0.249900 4.355968
17.220000 -1.000000 -0.560000 -0.255500 4.353413
17.230000 -1.000000 -0.570000 -0.261200 4.350801
17.240000 -1.000000 -0.580000 -0.267000 4.348131
17.250000 -1.000000 -0.590000 -0.272900 4.345402
17.260000 -1.000000 -0.600000 -0.278900 4.342613
17.270000 -1.000000 -0.610000 -0.285000 4.339763
17.280000 -1.000000 -0.620000 -0.291200 4.336851
17.290000 -1.000000 -0.630000 -0.297500 4.333876
17.300000 -1.000000 -0.640000 -0.303900 4.330837
17.310000 -1.000000 -0.650000 -0.310400 4.327733
17.320000 -1.000000 -0.660000 -0.317000 4.324563
17.330000 -1.000000 -0.670000 -0.323700 4.321326
17.340000 -1.000000 -0.680000 -0.330500 4.318021
17.350000 -1.000000 -0.690000 -0.337400 4.314647
17.360000 -1.000000 -0.700000 -0.344400 4.311203
17.370000 -1.000000 -0.710000 -0.351500 4.307688
17.380000 -1.000000 -0.720000 -0.358700 4.304101
17.390000 -1.000000 -0.730000 -0.366000 4.300441
17.400000 -1.000000 -0.740000 -0.373400 4.296707
17.410000 -1.000000 -0.750000 -0.380900 4.292898
17.420000 -1.000000 -0.760000 -0.388500 4.289013
17.430000 -1.000000 -0.770000 -0.396200 4.285051
17.440000 -1.000000 -0.780000 -0.404000 4.281011
17.450000 -1.000000 -0.790000 -0.411900 4.276892
17.460000 -1.000000 -0.800000 -0.419900 4.272693
17.470000 -1.000000 -0.810000 -0.428000 4.268413
17.480000 -1.000000 -0.820000 -0.436200 4.264051
17.490000 -1.000000 -0.830000 -0.444500 4.259606
17.500000 -1.000000 -0.840000 -0.452900 4.255077
17.510000 -1.000000 -0.850000 -0.461400 4.250463
17.520000 -1.000000 -0.860000 -0.470000 4.245763
17.530000 -1.000000 -0.870000 -0.478700 4.240976
17.540000 -1.000000 -0.880000 -0.487500 4.236101
17.550000 -1.000000 -0.890000 -0.496400 4.231137
17.560000 -1.000000 -0.900000 -0.505400 4.226083
17.570000 -1.000000 -0.910000 -0.514500 4.220938
17.580000 -1.000000 -0.920000 -0.523700 4.215701
17.590000 -1.000000 -0.930000 -0.533000 4.210371
17.600000 -1.000000 -0.940000 -0.542400 4.204947
17.610000 -1.000000 -0.950000 -0.551900 4.199428
17.620000 -1.000000 -0.960000 -0.561500 4.193813
17.630000 -1.000000 -0.970000 -0.571200 4.188101
17.640000 -1.000000 -0.980000 -0.581000 4.182291
17.650000 -1.000000 -0.990000 -0.590900 4.176382
17.660000 -1.000000 -1.000000 -0.600900 4.170373
17.670000 -1.000000 -1.010000 -0.611000 4.164263
17.680000 0.000000 -1.010000 -0.621100 4.158052
17.690000 0.000000 -1.010000 -0.631200 4.151740
17.700000 0.000000 -1.010000 -0.641300 4.145327
17.710000 0.000000 -1.010000 -0.651400 4.138813
17.720000 0.000000 -1.010000 -0.661500 4.132198
17.730000 0.000000 -1.010000 -0.671600 4.125482
17.740000 0.000000 -1.010000 -0.681700 4.118665
17.750000 0.000000 -1.010000 -0.691800 4.111747
17.760000 0.000000 -1.010000 -0.701900 4.104728
17.770000 0.000000 -1.010000 -0.712000 4.097608
17.780000 0.000000 -1.010000 -0.722100 4.090387
17.790000 0.000000 -1.010000 -0.732200 4.083065
17.800000 0.000000 -1.010000 -0.742300 4.075642
17.810000 0.000000 -1.010000 -0.752400 4.068118
17.820000 0.000000 -1.010000 -0.762500 4.060493
17.830000 0.000000 -1.010000 -0.772600 4.052767
17.840000 1.000000 -1.000000 -0.782600 4.044941
17.850000 1.000000 -0.990000 -0.792500 4.037016
17.860000 1.000000 -0.980000 -0.802300 4.028993
17.870000 1.000000 -0.970000 -0.812000 4.020873
17.880000 1.000000 -0.960000 -0.821600 4.012657
17.890000 1.000000 -0.950000 -0.831100 4.004346
17.900000 1.000000 -0.940000 -0.840500 3.995941
17.910000 1.000000 -0.930000 -0.849800 3.987443
17.920000 1.000000 -0.920000 -0.859000 3.978853
17.930000 1.000000 -0.910000 -0.868100 3.970172
17.940000 1.000000 -0.900000 -0.877100 3.961401
17.950000 1.000000 -0.890000 -0.886000 3.952541
17.960000 1.000000 -0.880000 -0.894800 3.943593
17.970000 1.000000 -0.870000 -0.903500 3.934558
17.980000 1.000000 -0.860000 -0.912100 3.925437
17.990000 1.000000 -0.850000 -0.920600 3.916231
18.000000 1.000000 -0.840000 -0.929000 3.906941
18.010000 1.000000 -0.830000 -0.937300 3.897568
18.020000 1.000000 -0.820000 -0.945500 3.888113
18.030000 1.000000 -0.810000 -0.953600 3.878577
18.040000 1.000000 -0.800000 -0.961600 3.868961
18.050000 1.000000 -0.790000 -0.969500 3.859266
18.060000 1.000000 -0.780000 -0.977300 3.849493
18.070000 1.000000 -0.770000 -0.985000 3.839643
18.080000 1.000000 -0.760000 -0.992600 3.829717
18.090000 1.000000 -0.750000 -1.000100 3.819716
18.100000 1.000000 -0.740000 -1.007500 3.809641
18.110000 1.000000 -0.730000 -1.014800 3.799493
18.120000 1.000000 -0.720000 -1.022000 3.789273
18.130000 1.000000 -0.710000 -1.029100 3.778982
18.140000 1.000000 -0.700000 -1.036100 3.768621
18.150000 1.000000 -0.690000 -1.043000 3.758191
18.160000 1.000000 -0.680000 -1.049800 3.747693
18.170000 1.000000 -0.670000 -1.056500 3.737128
18.180000 1.000000 -0.660000 -1.063100 3.726497
18.190000 1.000000 -0.650000 -1.069600 3.715801
18.200000 1.000000 -0.640000 -1.076000 3.705041
18.210000 1.000000 -0.630000 -1.082300 3.694218
18.220000 1.000000 -0.620000 -1.088500 3.683333
18.230000 1.000000 -0.610000 -1.094600 3.672387
18.240000 1.000000 -0.600000 -1.100600 3.661381
18.250000 1.000000 -0.590000 -1.106500 3.650316
18.260000 1.000000 -0.580000 -1.112300 3.639193
18.270000 1.000000 -0.570000 -1.118000 3.628013
18.280000 1.000000 -0.560000 -1.123600 3.616777
18.290000 1.000000 -0.550000 -1.129100 3.605486
18.300000 1.000000 -0.540000 -1.134500 3.594141
18.310000 1.000000 -0.530000 -1.139800 3.582743
18.320000 1.000000 -0.520000 -1.145000 3.571293
18.330000 1.000000 -0.510000 -1.150100 3.559792
18.340000 1.000000 -0.500000 -1.155100 3.548241
18.350000 1.000000 -0.490000 -1.160000 3.536641
18.360000 1.000000 -0.480000 -1.164800 3.524993
18.370000 1.000000 -0.470000 -1.169500 3.513298
18.380000 1.000000 -0.460000 -1.174100 3.501557
18.390000 1.000000 -0.450000 -1.178600 3.489771
18.400000 1.000000 -0.440000 -1.183000 3.477941
18.410000 1.000000 -0.430000 -1.187300 3.466068
18.420000 1.000000 -0.420000 -1.191500 3.454153
18.430000 1.000000 -0.410000 -1.195600 3.442197
18.440000 1.000000 -0.400000 -1.199600 3.430201
18.450000 1.000000 -0.390000 -1.203500 3.418166
18.460000 1.000000 -0.380000 -1.207300 3.406093
18.470000 1.000000 -0.370000 -1.211000 3.393983
18.480000 1.000000 -0.360000 -1.214600 3.381837
18.490000 1.000000 -0.350000 -1.218100 3.369656
18.500000 1.000000 -0.340000 -1.221500 3.357441
18.510000 1.000000 -0.330000 -1.224800 3.345193
18.520000 1.000000 -0.320000 -1.228000 3.332913
18.530000 1.000000 -0.310000 -1.231100 3.320602
18.540000 1.000000 -0.300000 -1.234100 3.308261
18.550000 1.000000 -0.290000 -1.237000 3.295891
18.560000 1.000000 -0.280000 -1.239800 3.283493
18.570000 1.000000 -0.270000 -1.242500 3.271068
18.580000 1.000000 -0.260000 -1.245100 3.258617
18.590000 1.000000 -0.250000 -1.247600 3.246141
18.600000 1.000000 -0.240000 -1.250000 3.233641
18.610000 1.000000 -0.230000 -1.252300 3.221118
18.620000 1.000000 -0.220000 -1.254500 3.208573
18.630000 1.000000 -0.210000 -1.256600 3.196007
18.640000 1.000000 -0.200000 -1.258600 3.183421
18.650000 1.000000 -0.190000 -1.260500 3.170816
18.660000 1.000000 -0.180000 -1.262300 3.158193
18.670000 1.000000 -0.170000 -1.264000 3.145553
18.680000 1.000000 -0.160000 -1.265600 3.132897
18.690000 1.000000 -0.150000 -1.267100 3.120226
18.700000 1.000000 -0.140000 -1.268500 3.107541
18.710000 1.000000 -0.130000 -1.269800 3.094843
18.720000 1.000000 -0.120000 -1.271000 3.082133
18.730000 1.000000 -0.110000 -1.272100 3.069412
18.740000 1.000000 -0.100000 -1.273100 3.056681
18.750000 1.000000 -0.090000 -1.274000 3.043941
18.760000 1.000000 -0.080000 -1.274800 3.031193
18.770000 1.000000 -0.070000 -1.275500 3.018438
18.780000 1.000000 -0.060000 -1.276100 3.005677
18.790000 1.000000 -0.050000 -1.276600 2.992911
18.800000 1.000000 -0.040000 -1.277000 2.980141
18.810000 1.000000 -0.030000 -1.277300 2.967368
18.820000 1.000000 -0.020000 -1.277500 2.954593
18.830000 1.000000 -0.010000 -1.277600 2.941817
18.840000 1.000000 0.000000 -1.277600 2.929041
18.850000 1.000000 0.010000 -1.277500 2.916266
18.860000 1.000000 0.020000 -1.277300 2.903493
18.870000 1.000000 0.030000 -1.277000 2.890723
18.880000 1.000000 0.040000 -1.276600 2.877957
18.890000 1.000000 0.050000 -1.276100 2.865196
18.900000 1.000000 0.060000 -1.275500 2.852441
18.910000 1.000000 0.070000 -1.274800 2.839693
18.920000 1.000000 0.080000 -1.274000 2.826953
18.930000 1.000000 0.090000 -1.273100 2.814222
18.940000 1.000000 0.100000 -1.272100 2.801501
18.950000 1.000000 0.110000 -1.271000 2.788791
18.960000 1.000000 0.120000 -1.269800 2.776093
18.970000 1.000000 0.130000 -1.268500 2.763408
18.980000 1.000000 0.140000 -1.267100 2.750737
18.990000 1.000000 0.150000 -1.265600 2.738081
19.000000 1.000000 0.160000 -1.264000 2.725441
19.010000 1.000000 0.170000 -1.262300 2.712818
19.020000 1.000000 0.180000 -1.260500 2.700213
19.030000 1.000000 0.190000 -1.258600 2.687627
19.040000 1.000000 0.200000 -1.256600 2.675061
19.050000 1.000000 0.210000 -1.254500 2.662516
19.060000 1.000000 0.220000 -1.252300 2.649993
19.070000 1.000000 0.230000 -1.250000 2.637493
19.080000 1.000000 0.240000 -1.247600 2.625017
19.090000 1.000000 0.250000 -1.245100 2.612566
19.100000 1.000000 0.260000 -1.242500 2.600141
19.110000 1.000000 0.270000 -1.239800 2.587743
19.120000 1.000000 0.280000 -1.237000 2.575373
19.130000 1.000000 0.290000 -1.234100 2.563032
19.140000 1.000000 0.300000 -1.231100 2.550721
19.150000 1.000000 0.310000 -1.228000 2.538441
19.160000 1.000000 0.320000 -1.224800 2.526193
19.170000 1.000000 0.330000 -1.221500 2.513978
19.180000 1.000000 0.340000 -1.218100 2.501797
19.190000 1.000000 0.350000 -1.214600 2.489651
19.200000 1.000000 0.360000 -1.211000 2.477541
19.210000 1.000000 0.370000 -1.207300 2.465468
19.220000 1.000000 0.380000 -1.203500 2.453433
19.230000 1.000000 0.390000 -1.199600 2.441437
19.240000 1.000000 0.400000 -1.195600 2.429481
19.250000 1.000000 0.410000 -1.191500 2.417566
19.260000 1.000000 0.420000 -1.187300 2.405693
19.270000 1.000000 0.430000 -1.183000 2.393863
19.280000 1.000000 0.440000 -1.178600 2.382077
19.290000 1.000000 0.450000 -1.174100 2.370336
19.300000 1.000000 0.460000 -1.169500 2.358641
19.310000 1.000000 0.470000 -1.164800 2.346993
19.320000 1.000000 0.480000 -1.160000 2.335393
19.330000 1.000000 0.490000 -1.155100 2.323842
19.340000 1.000000 0.500000 -1.150100 2.312341
19.350000 1.000000 0.510000 -1.145000 2.300891
19.360000 1.000000 0.520000 -1.139800 2.289493
19.370000 1.000000 0.530000 -1.134500 2.278148
19.380000 1.000000 0.540000 -1.129100 2.266857
19.390000 1.000000 0.550000 -1.123600 2.255621
19.400000 1.000000 0.560000 -1.118000 2.244441
19.410000 1.000000 0.570000 -1.112300 2.233318
19.420000 1.000000 0.580000 -1.106500 2.222253
19.430000 1.000000 0.590000 -1.100600 2.211247
19.440000 1.000000 0.600000 -1.094600 2.200301
19.450000 1.000000 0.610000 -1.088500 2.189416
19.460000 1.000000 0.620000 -1.082300 2.178593
19.470000 1.000000 0.630000 -1.076000 2.167833
19.480000 1.000000 0.640000 -1.069600 2.157137
19.490000 1.000000 0.650000 -1.063100 2.146506
19.500000 1.000000 0.660000 -1.056500 2.135941
19.510000 1.000000 0.670000 -1.049800 2.125443
19.520000 1.000000 0.680000 -1.043000 2.115013
19.530000 1.000000 0.690000 -1.036100 2.104652
19.540000 1.000000 0.700000 -1.029100 2.094361
19.550000 1.000000 0.710000 -1.022000 2.084141
19.560000 1.000000 0.720000 -1.014800 2.073993
19.570000 1.000000 0.730000 -1.007500 2.063918
19.580000 1.000000 0.740000 -1.000100 2.053917
19.590000 1.000000 0.750000 -0.992600 2.043991
19.600000 1.000000 0.760000 -0.985000 2.034141
19.610000 1.000000 0.770000 -0.977300 2.024368
19.620000 1.000000 0.780000 -0.969500 2.014673
19.630000 1.000000 0.790000 -0.961600 2.005057
19.640000 1.000000 0.800000 -0.953600 1.995521
19.650000 1.000000 0.810000 -0.945500 1.986066
19.660000 1.000000 0.820000 -0.937300 1.976693
19.670000 1.000000 0.830000 -0.929000 1.967403
19.680000 1.000000 0.840000 -0.920600 1.958197
19.690000 1.000000 0.850000 -0.912100 1.949076
19.700000 1.000000 0.860000 -0.903500 1.940041
19.710000 1.000000 0.870000 -0.894800 1.931093
19.720000 1.000000 0.880000 -0.886000 1.922233
19.730000 1.000000 0.890000 -0.877100 1.913462
19.740000 1.000000 0.900000 -0.868100 1.904781
19.750000 1.000000 0.910000 -0.859000 1.896191
19.760000 1.000000 0.920000 -0.849800 1.887693
19.770000 1.000000 0.930000 -0.840500 1.879288
19.780000 1.000000 0.940000 -0.831100 1.870977
19.790000 1.000000 0.950000 -0.821600 1.862761
19.800000 1.000000 0.960000 -0.812000 1.854641
19.810000 1.000000 0.970000 -0.802300 1.846618
19.820000 1.000000 0.980000 -0.792500 1.838693
19.830000 1.000000 0.990000 -0.782600 1.830867
19.840000 0.000000 0.990000 -0.772700 1.823140
19.850000 0.000000 0.990000 -0.762800 1.815512
19.860000 0.000000 0.990000 -0.752900 1.807983
19.870000 0.000000 0.990000 -0.743000 1.800553
19.880000 0.000000 0.990000 -0.733100 1.793222
19.890000 0.000000 0.990000 -0.723200 1.785990
19.900000 0.000000 0.990000 -0.713300 1.778857
19.910000 0.000000 0.990000 -0.703400 1.771823
19.920000 0.000000 0.990000 -0.693500 1.764888
19.930000 0.000000 0.990000 -0.683600 1.758052
19.940000 0.000000 0.990000 -0.673700 1.751315
19.950000 0.000000 0.990000 -0.663800 1.744677
19.960000 0.000000 0.990000 -0.653900 1.738138
19.970000 0.000000 0.990000 -0.644000 1.731698
19.980000 0.000000 0.990000 -0.634100 1.725357
19.990000 0.000000 0.990000 -0.624200 1.719115
20.000000 -1.000000 0.980000 -0.614400 1.712971
20.010000 -1.000000 0.970000 -0.604700 1.706924
20.020000 -1.000000 0.960000 -0.595100 1.700973
20.030000 -1.000000 0.950000 -0.585600 1.695117
20.040000 -1.000000 0.940000 -0.576200 1.689355
20.050000 -1.000000 0.930000 -0.566900 1.683686
20.060000 -1.000000 0.920000 -0.557700 1.678109
20.070000 -1.000000 0.910000 -0.548600 1.672623
20.080000 -1.000000 0.900000 -0.539600 1.667227
20.090000 -1.000000 0.890000 -0.530700 1.661920
20.100000 -1.000000 0.880000 -0.521900 1.656701
20.110000 -1.000000 0.870000 -0.513200 1.651569
20.120000 -1.000000 0.860000 -0.504600 1.646523
20.130000 -1.000000 0.850000 -0.496100 1.641562
20.140000 -1.000000 0.840000 -0.487700 1.636685
20.150000 -1.000000 0.830000 -0.479400 1.631891
20.160000 -1.000000 0.820000 -0.471200 1.627179
20.170000 -1.000000 0.810000 -0.463100 1.622548
20.180000 -1.000000 0.800000 -0.455100 1.617997
20.190000 -1.000000 0.790000 -0.447200 1.613525
20.200000 -1.000000 0.780000 -0.439400 1.609131
20.210000 -1.000000 0.770000 -0.431700 1.604814
20.220000 -1.000000 0.760000 -0.424100 1.600573
20.230000 -1.000000 0.750000 -0.416600 1.596407
20.240000 -1.000000 0.740000 -0.409200 1.592315
20.250000 -1.000000 0.730000 -0.401900 1.588296
20.260000 -1.000000 0.720000 -0.394700 1.584349
20.270000 -1.000000 0.710000 -0.387600 1.580473
20.280000 -1.000000 0.700000 -0.380600 1.576667
20.290000 -1.000000 0.690000 -0.373700 1.572930
20.300000 -1.000000 0.680000 -0.366900 1.569261
20.310000 -1.000000 0.670000 -0.360200 1.565659
20.320000 -1.000000 0.660000 -0.353600 1.562123
20.330000 -1.000000 0.650000 -0.347100 1.558652
20.340000 -1.000000 0.640000 -0.340700 1.555245
20.350000 -1.000000 0.630000 -0.334400 1.551901
20.360000 -1.000000 0.620000 -0.328200 1.548619
20.370000 -1.000000 0.610000 -0.322100 1.545398
20.380000 -1.000000 0.600000 -0.316100 1.542237
20.390000 -1.000000 0.590000 -0.310200 1.539135
20.400000 -1.000000 0.580000 -0.304400 1.536091
20.410000 -1.000000 0.570000 -0.298700 1.533104
20.420000 -1.000000 0.560000 -0.293100 1.530173
20.430000 -1.000000 0.550000 -0.287600 1.527297
20.440000 -1.000000 0.540000 -0.282200 1.524475
20.450000 -1.000000 0.530000 -0.276900 1.521706
20.460000 -1.000000 0.520000 -0.271700 1.518989
20.470000 -1.000000 0.510000 -0.266600 1.516323
20.480000 -1.000000 0.500000 -0.261600 1.513707
20.490000 -1.000000 0.490000 -0.256700 1.511140
20.500000 -1.000000 0.480000 -0.251900 1.508621
20.510000 -1.000000 0.470000 -0.247200 1.506149
20.520000 -1.000000 0.460000 -0.242600 1.503723
20.530000 -1.000000 0.450000 -0.238100 1.501342
20.540000 -1.000000 0.440000 -0.233700 1.499005
20.550000 -1.000000 0.430000 -0.229400 1.496711
20.560000 -1.000000 0.420000 -0.225200 1.494459
20.570000 -1.000000 0.410000 -0.221100 1.492248
20.580000 -1.000000 0.400000 -0.217100 1.490077
20.590000 -1.000000 0.390000 -0.213200 1.487945
20.600000 -1.000000 0.380000 -0.209400 1.485851
20.610000 -1.000000 0.370000 -0.205700 1.483794
20.620000 -1.000000 0.360000 -0.202100 1.481773
20.630000 -1.000000 0.350000 -0.198600 1.479787
20.640000 -1.000000 0.340000 -0.195200 1.477835
20.650000 -1.000000 0.330000 -0.191900 1.475916
20.660000 -1.000000 0.320000 -0.188700 1.474029
20.670000 -1.000000 0.310000 -0.185600 1.472173
20.680000 -1.000000 0.300000 -0.182600 1.470347
20.690000 -1.000000 0.290000 -0.179700 1.468550
20.700000 -1.000000 0.280000 -0.176900 1.466781
20.710000 -1.000000 0.270000 -0.174200 1.465039
20.720000 -1.000000 0.260000 -0.171600 1.463323
20.730000 -1.000000 0.250000 -0.169100 1.461632
20.740000 -1.000000 0.240000 -0.166700 1.459965
20.750000 -1.000000 0.230000 -0.164400 1.458321
20.760000 -1.000000 0.220000 -0.162200 1.456699
20.770000 -1.000000 0.210000 -0.160100 1.455098
20.780000 -1.000000 0.200000 -0.158100 1.453517
20.790000 -1.000000 0.190000 -0.156200 1.451955
20.800000 -1.000000 0.180000 -0.154400 1.450411
20.810000 -1.000000 0.170000 -0.152700 1.448884
20.820000 -1.000000 0.160000 -0.151100 1.447373
20.830000 -1.000000 0.150000 -0.149600 1.445877
20.840000 -1.000000 0.140000 -0.148200 1.444395
20.850000 -1.000000 0.130000 -0.146900 1.442926
20.860000 -1.000000 0.120000 -0.145700 1.441469
20.870000 -1.000000 0.110000 -0.144600 1.440023
20.880000 -1.000000 0.100000 -0.143600 1.438587
20.890000 -1.000000 0.090000 -0.142700 1.437160
20.900000 -1.000000 0.080000 -0.141900 1.435741
20.910000 -1.000000 0.070000 -0.141200 1.434329
20.920000 -1.000000 0.060000 -0.140600 1.432923
20.930000 -1.000000 0.050000 -0.140100 1.431522
20.940000 -1.000000 0.040000 -0.139700 1.430125
20.950000 -1.000000 0.030000 -0.139400 1.428731
20.960000 -1.000000 0.020000 -0.139200 1.427339
20.970000 -1.000000 0.010000 -0.139100 1.425948
20.980000 -1.000000 0.000000 -0.139100 1.424557
20.990000 -1.000000 -0.010000 -0.139200 1.423165
20.990000 0.000000 -0.010000 -0.139200 1.423165
